3399415
3395360
3400534
3395789
3399896
3398291
3396689
3399576
3398442
3395579
3390283
3387524
3388435
3395686
3399049
3386387
3397864
3390346
3386248
3401110
3385627
3388551
3387462
3401591
3390348
3390399
3388734
3385561
3396929
3388647
3397655
3401165
3388616
3389476
3387744
3387329
3395836
3396476
3389621
3396774
3387104
3398158
3396554
3389472
3398884
3387588
3395580
3401380
3399084
3389491
3386736
3389766
3385570
3398477
3400954
3388291
3386148
3396910
3397734
3396379
3386726
3396125
3386024
3398589
3388759
3390077
3399909
3387358
3387596
3386925
3387529
3398412
3388303
3387472
3388660
3396527
3399232
3385102
3389076
3399930
3398362
3396656
3397051
3387554
3396050
3390007
3388918
3399877
3387927
3389629
3400267
3387697
3397842
3396461
3401233
3401388
3399793
3398918
3400115
3395597
3388033
3387931
3386299
3398310
3386037
3386217
3396360
3387982
3385933
3388210
3390610
3385064
3386157
3401319
3396009
3384936
3385463
3388135
3389511
3397353
3389455
3397974
3399155
3388527
3397978
3388058
3384963
3399279
3400246
3385204
3396515
3390834
3388006
3398878
3400340
3401592
3388742
3396566
3399456
3389720
3389526
3401349
3396587
3388559
3386243
3398006
3391190
3386660
3391425
3396040
3401047
3395648
3398434
3386546
3399426
3388394
3397291
3396285
3401668
3389893
3386155
3390416
3390204
3401042
3395290
3395991
3396969
3389330
3397091
3398230
3397835
3400427
3385282
3395523
3389454
3396256
3397440
3398253
3398210
3387156
3399617
3401245
3386592
3398265
3387751
3386761
3395748
3396651
3387197
3386822
3389532
3398805
3385118
3398415
3397116
3387307
3401136
3386759
3388281
3398906
3400139
3386603
3399255
3399199
3396316
3396302
3399800
3387052
3396016
3390970
3396240
3398231
3397720
3400939
3398882
3398098
3399511
3398250
3387302
3389966
3398057
3387833
3389732
3399910
3401544
3399681
3397692
3387977
3401506
3400963
3384923
3396541
3401758
3384998
3402089
3389092
3388174
3388533
3396697
3385311
3395750
3390295
3389613
3398169
3389791
3385922
3401095
3389786
3401978
3395513
3398499
3399742
3387925
3395380
3396370
3390506
3390152
3396857
3390122
3385941
3399760
3391351
3388915
3390140
3387245
3388562
3385289
3387560
3390164
3398311
3389698
3396010
3395592
3396192
3400342
3401894
3385079
3395710
3397880
3385654
3385555
3401703
3389939
3398716
3385060
3399779
3386737
3390233
3387618
3396272
3396560
3397952
3386922
3401778
3397812
3395174
3389976
3398817
3387130
3395274
3385376
3399738
3402084
3397961
3402004
3400163
3395583
3384875
3396999
3385777
3400147
3395994
3386625
3397821
3388214
3386471
3388685
3385052
3401585
3400512
3398591
3396367
3397009
3401155
3398915
3389794
3397927
3386494
3389922
3385688
3385659
3400919
3397630
3397245
3387528
3399924
3384807
3401321
3397625
3390414
3387223
3398575
3398371
3386397
3398731
3389438
3390392
3398086
3389598
3388031
3388064
3390982
3389020
3395392
3389636
3384728
3385666
3385635
3398120
3401768
3399275
3398320
3399145
3397971
3397624
3399817
3389704
3387705
3386955
3399069
3386730
3388410
3387900
3395611
3386537
3390645
3397445
3396033
3401883
3398584
3402079
3400471
3400486
3386287
3399365
3395682
3397937
3389318
3385545
3388654
3385160
3386756
3391210
3384831
3389466
3388178
3400161
3385513
3389923
3400678
3395698
3399730
3391135
3384792
3399840
3401567
3397271
3388488
3385271
3401430
3389084
3397690
3398864
3395403
3387065
3387378
3397042
3397189
3398070
3397047
3387948
3387349
3397270
3387363
3395691
3388656
3388155
3390377
3389461
3387011
3400335
3386661
3395278
3387911
3388310
3401806
3400364
3399616
3386985
3400628
3387849
3386370
3387244
3401716
3386487
3401113
3387882
3389456
3386190
3386026
3388927
3387341
3396076
3390940
3390566
3396451
3398624
3389090
3387749
3397375
3388483
3387879
3386599
3397706
3391284
3395839
3400348
3399962
3389394
3397500
3397325
3396957
3398340
3390222
3400001
3398836
3400526
3389125
3387032
3387252
3396308
3387923
3401199
3399487
3386389
3389406
3389031
3398969
3384902
3399471
3401908
3401545
3390129
3397629
3397721
3396955
3397631
3388596
3389717
3397561
3385804
3401945
3398272
3387330
3386324
3399213
3395286
3388967
3397099
3396553
3387784
3397388
3388406
3389315
3384771
3385133
3386889
3401283
3389800
3400453
3397954
3395916
3399898
3397558
3400879
3386473
3398389
3397177
3397087
3388802
3396737
3401964
3398686
3400494
3386514
3389814
3396209
3385512
3386964
3397383
3386936
3395590
3399334
3399521
3389964
3400061
3400272
3396245
3398134
3386491
3386866
3401057
3397711
3395906
3400105
3385136
3397019
3401519
3402053
3385225
3400990
3389836
3397319
3396654
3386263
3401425
3387135
3401632
3395984
3388062
3397208
3387041
3386267
3385235
3395264
3395702
3400866
3390432
3401465
3397729
3396641
3399073
3399693
3400657
3401324
3401535
3399894
3399739
3387079
3400698
3386857
3385680
3397815
3396992
3387342
3384894
3388894
3398160
3385611
3401943
3390255
3397398
3395412
3389586
3397384
3384890
3386127
3390705
3389392
3400320
3389107
3400399
3397924
3387963
3395293
3399094
3401024
3401488
3390665
3391359
3399867
3400012
3387129
3397709
3400817
3400581
3398543
3396284
3399610
3386235
3385858
3399993
3398600
3384907
3384986
3387443
3387318
3397731
3385267
3386382
3400787
3386236
3390043
3387034
3400863
3385030
3397344
3388947
3397046
3388008
3396072
3400322
3387648
3385682
3385391
3386648
3388380
3384878
3385761
3400747
3388828
3398820
3386395
3399882
3395310
3389100
3396800
3388963
3398196
3396643
3385286
3398298
3397153
3395718
3388079
3386241
3387417
3390658
3400005
3388889
3388097
3400949
3387027
3395952
3386191
3389983
3388090
3385066
3390315
3401752
3401339
3385595
3384823
3386709
3401872
3389247
3395428
3398221
3384665
3395962
3387225
3398390
3389419
3389609
3397454
3385156
3398060
3401034
3384927
3396982
3397331
3386678
3400036
3395841
3388771
3389413
3387932
3396305
3388542
3389561
3397347
3400822
3399281
3398754
3397589
3387058
3389710
3401672
3388576
3399799
3398232
3400319
3397199
3397667
3386715
3399315
3401933
3396074
3389662
3399766
3399963
3386239
3396021
3388591
3388848
3398437
3390047
3395619
3388213
3389265
3401353
3387416
3396028
3385672
3400561
3399032
3390483
3398034
3387057
3386292
3397679
3386451
3399249
3388016
3386980
3396720
3386359
3389790
3396137
3385720
3401200
3386012
3389850
3387422
3388253
3395484
3386135
3396921
3387754
3397197
3385344
3389986
3389930
3387764
3388262
3389039
3398728
3387763
3395945
3396998
3396730
3386204
3385888
3386439
3387022
3386984
3396320
3401476
3387700
3395568
3385648
3387061
3401240
3397862
3386271
3385258
3397361
3401216
3401184
3387644
3401131
3397855
3398450
3386416
3386018
3387559
3397744
3400738
3386260
3387456
3389543
3389934
3387651
3401737
3388389
3396728
3396757
3401394
3396565
3387426
3396888
3400843
3400442
3384858
3386196
3398278
3397287
3395832
3396925
3401751
3396579
3396723
3387155
3385109
3388268
3397669
3385143
3400837
3386210
3386046
3384851
3400055
3398980
3401309
3387822
3396408
3398941
3387231
3388641
3395747
3398481
3399902
3399907
3400664
3390151
3389393
3400173
3399765
3388799
3387956
3398238
3395613
3395662
3388795
3384791
3399677
3388975
3395383
3390543
3400735
3386976
3396782
3398429
3397158
3389488
3401175
3390767
3399683
3387369
3388169
3387938
3401953
3396572
3395624
3389291
3399305
3400731
3401928
3387790
3385961
3397118
3395818
3399011
3396412
3389351
3399345
3401718
3396850
3384956
3387990
3386521
3386778
3386070
3401407
3387609
3384930
3387091
3398505
3388451
3386836
3389071
3399659
3387028
3396410
3388421
3401088
3396988
3388413
3388959
3385233
3398979
3389410
3395639
3396129
3399179
3386547
3398975
3396506
3399502
3386765
3390771
3388383
3390814
3395635
3400752
3385084
3395331
3398993
3396699
3397915
3385640
3398902
3388479
3389843
3396950
3386221
3401287
3401837
3387180
3387819
3396496
3398220
3386238
3389380
3400239
3399387
3401667
3401308
3390038
3396418
3398393
3399710
3386710
3396008
3386351
3401601
3386086
3384996
3401424
3399176
3395549
3387030
3389059
3396037
3390081
3395574
3396026
3395235
3395245
3397960
3387771
3386723
3395773
3385647
3390260
3399950
3386516
3401224
3395654
3401830
3389371
3388535
3386930
3397665
3389633
3388046
3385938
3384870
3398710
3388585
3401313
3396869
3390329
3387555
3400725
3386656
3390592
3395752
3384793
3388439
3386068
3400073
3389271
3399226
3386963
3386979
3401222
3399680
3399839
3396446
3399109
3398181
3387337
3384842
3398812
3398987
3387474
3384649
3399036
3395609
3390070
3401151
3389446
3396025
3401603
3396736
3385309
3387668
3390621
3387039
3389408
3395898
3400406
3391132
3387288
3386797
3397759
3398494
3399451
3385674
3388755
3399375
3397976
3401256
3397889
3396254
3401040
3389208
3397460
3386404
3399627
3398740
3401901
3389751
3388032
3387873
3395471
3398319
3396759
3396034
3398535
3388012
3401662
3399919
3388302
3400806
3399581
3390390
3399434
3397223
3398539
3397476
3400042
3386304
3389275
3387090
3396599
3399264
3386831
3399725
3388972
3399621
3389280
3384977
3399741
3401141
3390404
3386867
3399697
3397873
3399711
3396401
3386143
3401403
3391383
3390180
3384824
3390229
3395637
3388806
3396802
3388450
3385694
3398517
3400056
3398715
3400063
3391002
3391089
3397642
3400199
3396638
3398112
3399985
3390787
3386478
3398002
3396882
3399381
3399295
3390011
3399637
3387073
3399244
3399028
3389232
3396163
3396561
3388110
3384934
3387510
3386613
3395923
3387865
3396708
3400337
3386559
3401206
3388193
3400833
3387875
3401303
3401108
3389094
3396901
3396908
3395458
3389199
3395465
3395871
3386935
3390688
3385834
3386692
3390292
3396368
3388093
3386768
3398685
3386319
3388232
3389493
3388964
3396371
3400491
3399197
3397299
3390661
3395777
3389582
3388347
3399736
3399139
3400720
3396104
3399556
3399317
3399142
3402066
3395399
3396899
3386390
3396012
3398054
3386188
3389192
3388208
3398545
3396874
3401027
3401529
3401371
3397248
3384779
3386779
3388476
3386563
3389747
3397898
3390394
3387503
3386475
3398616
3384938
3396952
3387972
3388359
3397893
3388817
3396681
3388782
3397482
3388330
3386698
3396369
3386909
3389638
3389068
3400860
3386330
3400590
3399154
3400995
3389383
3396713
3389907
3398145
3396864
3389292
3395377
3401605
3387189
3395292
3389928
3386233
3398966
3400330
3401376
3400498
3396954
3389695
3397459
3388731
3386604
3388022
3397563
3401257
3400801
3398732
3388547
3389424
3388460
3385313
3386590
3401134
3388382
3387068
3397699
3390199
3388180
3388760
3390114
3386992
3398696
3388530
3388754
3398130
3385792
3396695
3386951
3384684
3397710
3388613
3390211
3387580
3401130
3389239
3401373
3386877
3396792
3398383
3386636
3399219
3387501
3387100
3390231
3400858
3400124
3385180
3388457
3399864
3395668
3396848
3390596
3387722
3396157
3389109
3388235
3389686
3387541
3400384
3385139
3390163
3398410
3400958
3401491
3390058
3395373
3385402
3390171
3385782
3400795
3386454
3395629
3388838
3400430
3398546
3389933
3389418
3385315
3389534
3385000
3390989
3396407
3388773
3401209
3386499
3388627
3386194
3388499
3387936
3387008
3401364
3390143
3390065
3385965
3401677
3389347
3399848
3400188
3401223
3401029
3385423
3387676
3395811
3400219
3385022
3389927
3396902
3390402
3385108
3396586
3399803
3385504
3400382
3401253
3389883
3399357
3387797
3390259
3389397
3397173
3396361
3386773
3401067
3396133
3398317
3398713
3385628
3395589
3396300
3385885
3399394
3385553
3389026
3387381
3400838
3388956
3398871
3387818
3391363
3397433
3388053
3400144
3399865
3390581
3386206
3396131
3400593
3395352
3390067
3401648
3399260
3397137
3400711
3396349
3388158
3395711
3385510
3395956
3399120
3400601
3399186
3399886
3384883
3385221
3400483
3399797
3399753
3399756
3389712
3386059
3388245
3399149
3400411
3400831
3398695
3395958
3398244
3385132
3384663
3396000
3387467
3386122
3389389
3395275
3400184
3395581
3395606
3387062
3396198
3400531
3397675
3396455
3390019
3384761
3396877
3395633
3386753
3398436
3396944
3387885
3388842
3384950
3387290
3386850
3397580
3399063
3399903
3397001
3385262
3399041
3400549
3398893
3388908
3388092
3398367
3388592
3387917
3398590
3396395
3400074
3401125
3387233
3396428
3395846
3400821
3391421
3389539
3388738
3399828
3398425
3400356
3385596
3396604
3391398
3386820
3395912
3401974
3397279
3388911
3398282
3401305
3389096
3398852
3401772
3388037
3399671
3386247
3388778
3399217
3387969
3400369
3395327
3387915
3395237
3400623
3385746
3386724
3395736
3388580
3386852
3387019
3386702
3395236
3400891
3395791
3399923
3398448
3400371
3395666
3386098
3398768
3387949
3396444
3389256
3385773
3384997
3400643
3401276
3400078
3398655
3391445
3400197
3388271
3396374
3398845
3400469
3388101
3399023
3398083
3395215
3389014
3384966
3401505
3401213
3387477
3400152
3388075
3396755
3389841
3400026
3395375
3396568
3396980
3388946
3385642
3401656
3399676
3395446
3397626
3400810
3387291
3387512
3387230
3387409
3398096
3388108
3400425
3399372
3388543
3386701
3400107
3390966
3397579
3385559
3400693
3385455
3387542
3387589
3396798
3396128
3388377
3387981
3396295
3386611
3386587
3400049
3388126
3401266
3388206
3389134
3398156
3395884
3386595
3390113
3397486
3385930
3388523
3399116
3401437
3388933
3396249
3400285
3389386
3386634
3389240
3397374
3391033
3401133
3397478
3385383
3396878
3396286
3400967
3388652
3384749
3386688
3398951
3399121
3400579
3396514
3389639
3388803
3398667
3386161
3385116
3396061
3400493
3399706
3389857
3397771
3396911
3398522
3390547
3385924
3395363
3387012
3390316
3389065
3386791
3401062
3390224
3389998
3387050
3397027
3388714
3384879
3398581
3388267
3386500
3395232
3400853
3386453
3401048
3391041
3389641
3389344
3388634
3396427
3385822
3387362
3398148
3386606
3384898
3387788
3399115
3396168
3389500
3398564
3387953
3396042
3385880
3398936
3387579
3395824
3389484
3399866
3396948
3400571
3388402
3389785
3390455
3390074
3385380
3399647
3396415
3400644
3399455
3386462
3387572
3396885
3400213
3388137
3396727
3401331
3401261
3398345
3390924
3387828
3400708
3396615
3390463
3387830
3386111
3389731
3388461
3401873
3386933
3398353
3401275
3387260
3398108
3387031
3388650
3386477
3398730
3387642
3390373
3385202
3397934
3388175
3395441
3401818
3385954
3388251
3389373
3397296
3389528
3396127
3386144
3399324
3388163
3387498
3390701
3398963
3386943
3396509
3387861
3389617
3386027
3389809
3399043
3400790
3399807
3401164
3387122
3400434
3396564
3401167
3400300
3396801
3396966
3396155
3396151
3386449
3400689
3396618
3401822
3400393
3397431
3391413
3401966
3387968
3397600
3385698
3390562
3401156
3387867
3386128
3395790
3389277
3387768
3398586
3388226
3385354
3401234
3399292
3399662
3385468
3385889
3400270
3385114
3398676
3401631
3395976
3397940
3395868
3386704
3389402
3385981
3400551
3388313
3400279
3400673
3399072
3388878
3385247
3401569
3401625
3400508
3389325
3389116
3395788
3386717
3401246
3395296
3396688
3400996
3397845
3385401
3396152
3385521
3399876
3387758
3389457
3399719
3395183
3386970
3398173
3386097
3389407
3386005
3397300
3389824
3398560
3386973
3396675
3395512
3390015
3386436
3390446
3387693
3401298
3396700
3395503
3391449
3396600
3401434
3399750
3385113
3396347
3386328
3395279
3389284
3387236
3399734
3389334
3399405
3395849
3400090
3396828
3386335
3389241
3385004
3396574
3399110
3388129
3386489
3389105
3387904
3387826
3401855
3396665
3387789
3388223
3388864
3395774
3389508
3398227
3385731
3387652
3395985
3399972
3398955
3390012
3396271
3386904
3400499
3400323
3385464
3389889
3386208
3400112
3389086
3391276
3386245
3397475
3399663
3399869
3399096
3398241
3387557
3400868
3398066
3400765
3398418
3397584
3386064
3397391
3400243
3389912
3400851
3399552
3389355
3399606
3389499
3401886
3388960
3388459
3396110
3397985
3385758
3396913
3386168
3395974
3398325
3389234
3395227
3401142
3400474
3386334
3398554
3389880
3400051
3400060
3386883
3395766
3396622
3395525
3399612
3388678
3397031
3401159
3396551
3384799
3385956
3401636
3399491
3387893
3384899
3395204
3398898
3398243
3387217
3400638
3401278
3400447
3387351
3395758
3389890
3389688
3385768
3389120
3386298
3397201
3395954
3401346
3387598
3386117
3400162
3401317
3389052
3390428
3397309
3389299
3396530
3401949
3401203
3388043
3389453
3388188
3389595
3384680
3388586
3400871
3390986
3388674
3398414
3395953
3385026
3401078
3395807
3397993
3387539
3395946
3397063
3400965
3386099
3388273
3399152
3387507
3402059
3401858
3398664
3389363
3398184
3399829
3386694
3387546
3387046
3389571
3395491
3384777
3396707
3386591
3390279
3387665
3388249
3396743
3397817
3386515
3398351
3401265
3387458
3396057
3399703
3396616
3390014
3385876
3395547
3387007
3385780
3395610
3397745
3387835
3391116
3389748
3395397
3396534
3385575
3397358
3388191
3395874
3395814
3388052
3398781
3387667
3396904
3397073
3396679
3399265
3386966
3389127
3396399
3389575
3386562
3388689
3384969
3384661
3398075
3396372
3399601
3386949
3397522
3395738
3399649
3401762
3385616
3389323
3398302
3390803
3396932
3400186
3400599
3389352
3401451
3398510
3385125
3385749
3391242
3386685
3398620
3399620
3401239
3388539
3388498
3398446
3397875
3395451
3399682
3397389
3396205
3400257
3400297
3389674
3396766
3387633
3396644
3386327
3387918
3397490
3398874
3396106
3399557
3397657
3386629
3401453
3386051
3385131
3402008
3395439
3384867
3396595
3387641
3398397
3397672
3399263
3387729
3387373
3400630
3401865
3398552
3385708
3398240
3385261
3387862
3387418
3396995
3387991
3399673
3396935
3395588
3396909
3400379
3385972
3385790
3389166
3387845
3395798
3387846
3390418
3384903
3399931
3395230
3387431
3390312
3386640
3401878
3398887
3389519
3399200
3400797
3386160
3399215
3387738
3400980
3398228
3398766
3400906
3398463
3388980
3390236
3390447
3399570
3397434
3385427
3389969
3387335
3397543
3388502
3385285
3398636
3400135
3396213
3396382
3396836
3387752
3385644
3400677
3388021
3385331
3399290
3396390
3390958
3385892
3389079
3395950
3388472
3385212
3396049
3398769
3388518
3399646
3389469
3387118
3399319
3398236
3401847
3389024
3398163
3385710
3387355
3400692
3401006
3385295
3400388
3399349
3386434
3398602
3398350
3390783
3401468
3389242
3396597
3398905
3387152
3396860
3390304
3388112
3386025
3398888
3400500
3385506
3398387
3386741
3388061
3385762
3397512
3398961
3400255
3396060
3400899
3388885
3396770
3397773
3385626
3398475
3400435
3387120
3386915
3397212
3386683
3401634
3384906
3386580
3385684
3401791
3401801
3395570
3401893
3390039
3389495
3398885
3401012
3398029
3398601
3400378
3395973
3398705
3398123
3389750
3388081
3388149
3396299
3399855
3386040
3389374
3397240
3385403
3385192
3396664
3387397
3386156
3387388
3396623
3396178
3390614
3397797
3399970
3386884
3389920
3396760
3399235
3396733
3395960
3388136
3399314
3397228
3400510
3396906
3401919
3401621
3395203
3385872
3401060
3389982
3400586
3396350
3399559
3399504
3388701
3397566
3398557
3386053
3395848
3399560
3388441
3390207
3395337
3385124
3400307
3401069
3385980
3389204
3387978
3400389
3395349
3395515
3396269
3398835
3399858
3398270
3400991
3386520
3397577
3401633
3397571
3384706
3401663
3388829
3385335
3386213
3385194
3397505
3387610
3400027
3397957
3401921
3401129
3389471
3390086
3390527
3387366
3386916
3400850
3385154
3388475
3398433
3396677
3396481
3397014
3388837
3385884
3401215
3397656
3401796
3400924
3388392
3389818
3386997
3400649
3396180
3399700
3386272
3388763
3387153
3400496
3385580
3385291
3399936
3401598
3400034
3388123
3400236
3400634
3386049
3400501
3400497
3388417
3401564
3387575
3395450
3384895
3395550
3401938
3397286
3397615
3390438
3395640
3385859
3390230
3386669
3385925
3397728
3400713
3395833
3386796
3397070
3395887
3388765
3384911
3386023
3389423
3389279
3399644
3400053
3399712
3399311
3398953
3386399
3388157
3397649
3384855
3390374
3396868
3390993
3400086
3385620
3388906
3390443
3399309
3384918
3387002
3400169
3396218
3388036
3399941
3401766
3399302
3388351
3388274
3384806
3401888
3399795
3401767
3388390
3398492
3398777
3387081
3389579
3389235
3397013
3387423
3386179
3396938
3396164
3397363
3399918
3385586
3390384
3400458
3396475
3389879
3388199
3399527
3385549
3400506
3388014
3386682
3399784
3399853
3387993
3399114
3386485
3395330
3400366
3388600
3399952
3397313
3401123
3386140
3385526
3395638
3385073
3401713
3399614
3387436
3389840
3401301
3399635
3390869
3400492
3396941
3389606
3397975
3384829
3390900
3388463
3384889
3391081
3386705
3396964
3397806
3401422
3391429
3386808
3387491
3385583
3399053
3389684
3396520
3386600
3400865
3387540
3388055
3396062
3399377
3396621
3396330
3386802
3397088
3395932
3400125
3400619
3397026
3400041
3396503
3400422
3389012
3388116
3384643
3387018
3386541
3401183
3387049
3390003
3395298
3397104
3398579
3386594
3387578
3389306
3388974
3385679
3385675
3395315
3389854
3388362
3388264
3395464
3395625
3400520
3396326
3399077
3395765
3390210
3395510
3384753
3387093
3399622
3401205
3396377
3396244
3401627
3390159
3388503
3386746
3385602
3400502
3397045
3386131
3399074
3401235
3388955
3399482
3388791
3387338
3396101
3389858
3390183
3400750
3389767
3398018
3401144
3385149
3389131
3397725
3388335
3401163
3400031
3388076
3390273
3395295
3388715
3395297
3395552
3387584
3389968
3387228
3397473
3387675
3398139
3399147
3389428
3387045
3388398
3401153
3387345
3388066
3390764
3397841
3397549
3399759
3388944
3400914
3390957
3385700
3398892
3385630
3387390
3400024
3388125
3400836
3397591
3395741
3398739
3389709
3389289
3384877
3400327
3388424
3390600
3397403
3390243
3389048
3398136
3399150
3386664
3397259
3387714
3389988
3395996
3388723
3395767
3400312
3391394
3397859
3387508
3399975
3388420
3386266
3399250
3396352
3389961
3402021
3390873
3395825
3387944
3398643
3387083
3389015
3400116
3399754
3398133
3396619
3401757
3396614
3386665
3390341
3396779
3397354
3401657
3401311
3390277
3399933
3387497
3401220
3399157
3397775
3387134
3389874
3395393
3398647
3395602
3395437
3401719
3397813
3395678
3401269
3395755
3385166
3390389
3395993
3396394
3397054
3385041
3385299
3385127
3401501
3401293
3395707
3390249
3386519
3388872
3390502
3389287
3395797
3387844
3386735
3399439
3401260
3386823
3401109
3401359
3385668
3387256
3389359
3390380
3401105
3396416
3386079
3401398
3400989
3401212
3401189
3397942
3384886
3399652
3398652
3385734
3400538
3398438
3386958
3389360
3387903
3395364
3385459
3387553
3399362
3401395
3401676
3396671
3398051
3396993
3389364
3401786
3398274
3401037
3387102
3401588
3401693
3396388
3388893
3386788
3386309
3386525
3400828
3387326
3389496
3398200
3388225
3398964
3400409
3389221
3390382
3387935
3385501
3385281
3399424
3395657
3401776
3396979
3385978
3390073
3388565
3395659
3396346
3398578
3399959
3400401
3397106
3390239
3396011
3398432
3395382
3390615
3402064
3386574
3390215
3385321
3386628
3401436
3387659
3396140
3390334
3396132
3396381
3389877
3400826
3401561
3389164
3400825
3385253
3400947
3386901
3384954
3385042
3397487
3401318
3389302
3401391
3387267
3390347
3398632
3400449
3387774
3385043
3387592
3397517
3400446
3386358
3399286
3395853
3389577
3398758
3397568
3401600
3391065
3387556
3399574
3396807
3389391
3385425
3386840
3396366
3396032
3385949
3395931
3397714
3385900
3386313
3387066
3396652
3389728
3387168
3395362
3387604
3397096
3399764
3401191
3385263
3387222
3397763
3390045
3386658
3388954
3390264
3401959
3389444
3396393
3398384
3385265
3398205
3395902
3398801
3390996
3387182
3389915
3390010
3388349
3400132
3385711
3386022
3385119
3388691
3398495
3389536
3400464
3395988
3387970
3399615
3400785
3389640
3400973
3389506
3384683
3402061
3401186
3398825
3397565
3395796
3385034
3401812
3401052
3387649
3398223
3397244
3389716
3386893
3385558
3395372
3401093
3388142
3397446
3391222
3396725
3386342
3400292
3389668
3398003
3388505
3398348
3395277
3386619
3388194
3398610
3401781
3400721
3396484
3389358
3387884
3396420
3386203
3389133
3390574
3396288
3388228
3386740
3389061
3396528
3390619
3397362
3397231
3384687
3398346
3400699
3384819
3400663
3395496
3397174
3386769
3395467
3398408
3397944
3385957
3400778
3401745
3389894
3400682
3395282
3396466
3390728
3401929
3399791
3390269
3401581
3397029
3397965
3395400
3396693
3398161
3390002
3401724
3388338
3401022
3385901
3396584
3399258
3396891
3385129
3391194
3398349
3398734
3386274
3399836
3401005
3388916
3389367
3400206
3388106
3400414
3395604
3388321
3395803
3385847
3389948
3386036
3400915
3385618
3387089
3391226
3401249
3387259
3395350
3398039
3398622
3389805
3399691
3387185
3389706
3389903
3400029
3390631
3400030
3396290
3399379
3399339
3397586
3386932
3387372
3386483
3387262
3400215
3401379
3395856
3388403
3388868
3395483
3400245
3398604
3401180
3390160
3387481
3388629
3400952
3396631
3386523
3396803
3384965
3400381
3401747
3396522
3399056
3399205
3399593
3399654
3387916
3386385
3396912
3400347
3397827
3399160
3387301
3385336
3398511
3385794
3397537
3386391
3390411
3391402
3387239
3399880
3386968
3397748
3401699
3384970
3400313
3397683
3399948
3388630
3398413
3388065
3387450
3398913
3396492
3389018
3395509
3386771
3385021
3395272
3395438
3387404
3387877
3385123
3397157
3396343
3398923
3386446
3389864
3386667
3396489
3390299
3401432
3384756
3396351
3398042
3388504
3389937
3401704
3395949
3389762
3395308
3401179
3398796
3387227
3398471
3385348
3387773
3387626
3401499
3397235
3386621
3385929
3396718
3396817
3384961
3385778
3398484
3401628
3397015
3389201
3398952
3396987
3395469
3389332
3391085
3399436
3388886
3396590
3389696
3399271
3397670
3390345
3388555
3399945
3389422
3395805
3389635
3398658
3398124
3387653
3395436
3389727
3388825
3396022
3388358
3395778
3388138
3390188
3401100
3401682
3389396
3396655
3395948
3396278
3389350
3400910
3386575
3400732
3398872
3397224
3389072
3397994
3395271
3389699
3395384
3388003
3386174
3400136
3390475
3400808
3397280
3399350
3400403
3397341
3386787
3388468
3399670
3397604
3384984
3397255
3390637
3386632
3398704
3397232
3401498
3390248
3399234
3397907
3397595
3386331
3395276
3399768
3386063
3386561
3389581
3389387
3389672
3396087
3389181
3398313
3387994
3390570
3388705
3397074
3386714
3396971
3386959
3384645
3387334
3397606
3388200
3400016
3389580
3387312
3386286
3385643
3398572
3395743
3398956
3396653
3390398
3390026
3397823
3397594
3390356
3401390
3396426
3385408
3396273
3401054
3396898
3397274
3397733
3385255
3385687
3396124
3398171
3390087
3397489
3398023
3395480
3390064
3386672
3388443
3396185
3385663
3399047
3390450
3400274
3389623
3397574
3390893
3386469
3389088
3399596
3395479
3397458
3396772
3395661
3386821
3400932
3385821
3390301
3396791
3386920
3400076
3397151
3401566
3386579
3400334
3386090
3400979
3395723
3389590
3396036
3397252
3396702
3388497
3384693
3384921
3387353
3386488
3395852
3400775
3396221
3400250
3397333
3400882
3389006
3396893
3399955
3399726
3398909
3385584
3399844
3398036
3398419
3397703
3399112
3396749
3388171
3390415
3397909
3397263
3390071
3396661
3384702
3400566
3390079
3398672
3388490
3401001
3395527
3396250
3395799
3390256
3395291
3398561
3399629
3395876
3401356
3396457
3384795
3397317
3391139
3401431
3397334
3400007
3395614
3388041
3395680
3397018
3385518
3386017
3390838
3401195
3399026
3387294
3386977
3387399
3396310
3397249
3387169
3398984
3387628
3400466
3386700
3400003
3395379
3384669
3400058
3385474
3386527
3389848
3400613
3401219
3384838
3388007
3395891
3397570
3396474
3387728
3399061
3398497
3397495
3396093
3385509
3396842
3386760
3399996
3386824
3397877
3396556
3386222
3400333
3400716
3401654
3399932
3389435
3398199
3395673
3399770
3400564
3389772
3390467
3400208
3385056
3396257
3385646
3398165
3400233
3399067
3399475
3398154
3390454
3385802
3386549
3390168
3386154
3385151
3396735
3386033
3389372
3388758
3389274
3386693
3398382
3396440
3390720
3387561
3400010
3390192
3399995
3385976
3397790
3396312
3396202
3395911
3390916
3398617
3385104
3389082
3396914
3388751
3388425
3397011
3389179
3398580
3385375
3401934
3385070
3399701
3401015
3390212
3401642
3401173
3386365
3401132
3399130
3385443
3387035
3386428
3396645
3389701
3390974
3395538
3395859
3388205
3399374
3388218
3388238
3395456
3395285
3387377
3398128
3388423
3386811
3389246
3387919
3389180
3384850
3396523
3386362
3399536
3396947
3396389
3396282
3398649
3397935
3399203
3388662
3387516
3401857
3386450
3399690
3386848
3399104
3387795
3385478
3400892
3389862
3396226
3397822
3401832
3398490
3387630
3397055
3385208
3388270
3399965
3400006
3400299
3400536
3398700
3399827
3395892
3386677
3399223
3385269
3398013
3391379
3398312
3395660
3398566
3386435
3401070
3398771
3396375
3389925
3395269
3385741
3386800
3397654
3387478
3398651
3400096
3388128
3385259
3396090
3395663
3389138
3388514
3387921
3387606
3401168
3399794
3385808
3387489
3386184
3387272
3401188
3386983
3397760
3399285
3388914
3398107
3389327
3389195
3401679
3401622
3388283
3396744
3400841
3387986
3401310
3399209
3388506
3397108
3385917
3388480
3387765
3389694
3400121
3390697
3386420
3385071
3395919
3390361
3398168
3396486
3397678
3386080
3398992
3396581
3395586
3396974
3387838
3398245
3386617
3398670
3386426
3401296
3398848
3385967
3391171
3385360
3395653
3388034
3390578
3399038
3389188
3401274
3389349
3396624
3388285
3387407
3388252
3397533
3387311
3395544
3389599
3400181
3388278
3395323
3386343
3387266
3385744
3395519
3397852
3401528
3387084
3390061
3386045
3401146
3385171
3395424
3401899
3398485
3400576
3389520
3386054
3389963
3398386
3388775
3387785
3387590
3391300
3400524
3399917
3397977
3389771
3396423
3387059
3388165
3386999
3384781
3395498
3398398
3398701
3385078
3389307
3389878
3385158
3397671
3390369
3387015
3397853
3399322
3396267
3399042
3387087
3386833
3400953
3398404
3396805
3402016
3398840
3395389
3396946
3398085
3401792
3387679
3390117
3388608
3389556
3399289
3386422
3388467
3389647
3386649
3398626
3386641
3402046
3390121
3389333
3397525
3388507
3398816
3386763
3389421
3401252
3384982
3397412
3399131
3396063
3389891
3400694
3400224
3401326
3384816
3399911
3387733
3389285
3397149
3397932
3388532
3387163
3386644
3400811
3400028
3386691
3399640
3401111
3389776
3398315
3396103
3385848
3389041
3396704
3400763
3389097
3386145
3385836
3398368
3401923
3384837
3395355
3395482
3401696
3388020
3387003
3397145
3386854
3399181
3399261
3398259
3385723
3385812
3395367
3388509
3399607
3386225
3388998
3401464
3389664
3397996
3398615
3395761
3400187
3390627
3401559
3398275
3399531
3385964
3401406
3398668
3387622
3397488
3385832
3388272
3397215
3384985
3389388
3385002
3385606
3387724
3389507
3387151
3396934
3396761
3396380
3390396
3389752
3385188
3388844
3387798
3396473
3397084
3390752
3386676
3397483
3388687
3385447
3398327
3385035
3385866
3399240
3386410
3400008
3398395
3386107
3400177
3386792
3400066
3398364
3401606
3386642
3395594
3387080
3395368
3401478
3397276
3399561
3387913
3385338
3395870
3399441
3400363
3398899
3388888
3389876
3401711
3385702
3395378
3386326
3388118
3401863
3399001
3386598
3395664
3388495
3386826
3386812
3395548
3397917
3398017
3400377
3397372
3386892
3389124
3401874
3396751
3388790
3396020
3398541
3397828
3395605
3386029
3397713
3386653
3389028
3388172
3398773
3401661
3396780
3387747
3397049
3399460
3386427
3397754
3400503
3387616
3389008
3390510
3396053
3400569
3395256
3400037
3395294
3401523
3389885
3397342
3397826
3397989
3387562
3387544
3385134
3387444
3389369
3387742
3400658
3389017
3399386
3385719
3401474
3400235
3398328
3387550
3388621
3397379
3399476
3399457
3399999
3388477
3395301
3396391
3386000
3389401
3398998
3397407
3395530
3387077
3388160
3398125
3387177
3398406
3400945
3390464
3396808
3388496
3387908
3386104
3396569
3389320
3396190
3389231
3385851
3398104
3385886
3386972
3396233
3396740
3385914
3386614
3387211
3386551
3400109
3386578
3398666
3388376
3385974
3397619
3396048
3400033
3391101
3391320
3398472
3390198
3397857
3401214
3401531
3389037
3386582
3399718
3389250
3397418
3385032
3400231
3387736
3399717
3384862
3398772
3398344
3396765
3388105
3386219
3397311
3398357
3398608
3395665
3402011
3398224
3400244
3399335
3385614
3400201
3391254
3389370
3395506
3395319
3396849
3399385
3386518
3398296
3391453
3398101
3385142
3388378
3388102
3399806
3396340
3400726
3398718
3398115
3401664
3400277
3398380
3397808
3384910
3400943
3400745
3398868
3397688
3388884
3386252
3396144
3400768
3389361
3395533
3401166
3387711
3387735
3389739
3387564
3395930
3401384
3396963
3387113
3391268
3389249
3398001
3398378
3396916
3398402
3399134
3396606
3397542
3396823
3388428
3395416
3395858
3388100
3395490
3389111
3401551
3389354
3396781
3388609
3387405
3388074
3396752
3398621
3400762
3387097
3396487
3389926
3399259
3398249
3386275
3401530
3389416
3399611
3387482
3389828
3399851
3389944
3385279
3387657
3400897
3399863
3396628
3398479
3396887
3400855
3401741
3387852
3385429
3399330
3386827
3386187
3388346
3399798
3398534
3388433
3401659
3401960
3386183
3399119
3390220
3397534
3401562
3387769
3396843
3388240
3399845
3390381
3400743
3396088
3397572
3397991
3395201
3387538
3386418
3395222
3397283
3396540
3398657
3401485
3389557
3386942
3399823
3397704
3395801
3387220
3396358
3387632
3396327
3389368
3401264
3390666
3387950
3399019
3389673
3399167
3385906
3399884
3390030
3399054
3390031
3390085
3400728
3390250
3387952
3398916
3389340
3401842
3398983
3385339
3396098
3388150
3387891
3389205
3389974
3388640
3384821
3388173
3398376
3398949
3387023
3388072
3395216
3395499
3397831
3387715
3387593
3387176
3400516
3389260
3401574
3388987
3396847
3389929
3398802
3386253
3390242
3387957
3389793
3385067
3397225
3389357
3398201
3401009
3397573
3401229
3398246
3390342
3389995
3396845
3387454
3385550
3396462
3398264
3399492
3397349
3385909
3388017
3389433
3399960
3386526
3390471
3395894
3387238
3385012
3389490
3399705
3389128
3385008
3400495
3388309
3396194
3398307
3386120
3386975
3385057
3388671
3397550
3388025
3389102
3388517
3398544
3385631
3401194
3389064
3391332
3401306
3384933
3400358
3400308
3398938
3400608
3385651
3388541
3388852
3385748
3397343
3399323
3385089
3386455
3388949
3398763
3401986
3388601
3399575
3398252
3396640
3386847
3390148
3398392
3395763
3389053
3388581
3388069
3388832
3396001
3395421
3387033
3387283
3402069
3401010
3397662
3397802
3389321
3388840
3401860
3385874
3397620
3398237
3388912
3386647
3387195
3385676
3400845
3386366
3387461
3397059
3397912
3389135
3388054
3385852
3387278
3389873
3397789
3395266
3388068
3401126
3401158
3396170
3385608
3401641
3396762
3387364
3387158
3395404
3400482
3395501
3389702
3388761
3385505
3390407
3398011
3385894
3395560
3387888
3396537
3387809
3390325
3400350
3389270
3395190
3396073
3395879
3399761
3390865
3396976
3384871
3398032
3389319
3396794
3388587
3398276
3398976
3395764
3397098
3398723
3385257
3401480
3395494
3397520
3401688
3386732
3395554
3400770
3389106
3390386
3398991
3386083
3396448
3384710
3399660
3387750
3398547
3395939
3398849
3388841
3390234
3395500
3401547
3398935
3385907
3389448
3398520
3401939
3397939
3396019
3399352
3401172
3399721
3385650
3385517
3395391
3385368
3389870
3390051
3399126
3399196
3397847
3387356
3395838
3400138
3396353
3389611
3396458
3387449
3387713
3385502
3388059
3389517
3400328
3398399
3395534
3388525
3386835
3389198
3401284
3385218
3386572
3387304
3387237
3386938
3397395
3398225
3388567
3396777
3399550
3400129
3397892
3401542
3389670
3388624
3396863
3386670
3396880
3401539
3385863
3395370
3387782
3388407
3401014
3401207
3395915
3395520
3389262
3396018
3399572
3401148
3398456
3390133
3387987
3389479
3389176
3386423
3400904
3395831
3395934
3398374
3399390
3399184
3396975
3386843
3387892
3399687
3397988
3400211
3389080
3396806
3399078
3388120
3397336
3396784
3398886
3395406
3386995
3390214
3384843
3397253
3386293
3396287
3387647
3388746
3397423
3401393
3387427
3388568
3397641
3386610
3400815
3396972
3387148
3398261
3388801
3395435
3397350
3389607
3387811
3388388
3388681
3398641
3385033
3389678
3386891
3398542
3395696
3396493
3387042
3395417
3386308
3399841
3386476
3398126
3390078
3397369
3390101
3388892
3387605
3386535
3395623
3385359
3396334
3389548
3399445
3397684
3398109
3398611
3390673
3400668
3388628
3400374
3401515
3401045
3398341
3384797
3390105
3391328
3387055
3390297
3400386
3398447
3396787
3399006
3397504
3400054
3386725
3390539
3400164
3398867
3390219
3387718
3387958
3389044
3399058
3396535
3390059
3400796
3389540
3400606
3389584
3385048
3389460
3400094
3387645
3398080
3386913
3398661
3399159
3398150
3390094
3388747
3386414
3388216
3399076
3400793
3390949
3387324
3390388
3399973
3385928
3385214
3387837
3396041
3387175
3390928
3400648
3386406
3401608
3398804
3386278
3389788
3400803
3387173
3386198
3397785
3388363
3389812
3386946
3388261
3389565
3400101
3396696
3389583
3389142
3399252
3386229
3390635
3399000
3387706
3401979
3385367
3399257
3400875
3387048
3397082
3387808
3395785
3389723
3395822
3389268
3397210
3397545
3389913
3385696
3396593
3390137
3385319
3389377
3399926
3387962
3396172
3395708
3388212
3399834
3401330
3395700
3385856
3395726
3401982
3397102
3386447
3391124
3401079
3387106
3396663
3390670
3387298
3401442
3387162
3387737
3399370
3386828
3396013
3386096
3398640
3398699
3397002
3398674
3401181
3389990
3385448
3395321
3397272
3401044
3396329
3397758
3389642
3388184
3399545
3396159
3398895
3391175
3387360
3399824
3395422
3386657
3396533
3400290
3396670
3396630
3397094
3385228
3384720
3399564
3399391
3395842
3386152
3388494
3396237
3398339
3397086
3397030
3396603
3384822
3389122
3396958
3389817
3386864
3398974
3390998
3389019
3389123
3389518
3386310
3385421
3400303
3389637
3401782
3385347
3388612
3385487
3395309
3385220
3391261
3395896
3389439
3388009
3384972
3387310
3388511
3401404
3401820
3389962
3400479
3400800
3386312
3395531
3397451
3386123
3387942
3390756
3400818
3396167
3387853
3389802
3401072
3401405
3399937
3399885
3387760
3385678
3396328
3396852
3390252
3395982
3386147
3390633
3398235
3388198
3397903
3396483
3398031
3387800
3396610
3399554
3396764
3399954
3398377
3385001
3386172
3401658
3387212
3386112
3386240
3395427
3399921
3401016
3397644
3385962
3387777
3388800
3386934
3387214
3401709
3390439
3396432
3398943
3388211
3396085
3398213
3399929
3396141
3389212
3389304
3402056
3388207
3386480
3387695
3385155
3389501
3400867
3398648
3400877
3400887
3385273
3384953
3399914
3398603
3396006
3399207
3400260
3399998
3395463
3398509
3402037
3398401
3387339
3399462
3387802
3384657
3386424
3390360
3399097
3400937
3399580
3387078
3385482
3385926
3389765
3390449
3388707
3386750
3401025
3396729
3388292
3387864
3396820
3400468
3388822
3384887
3397039
3398525
3401381
3385623
3401002
3399849
3395830
3396834
3388153
3389400
3398623
3397034
3400249
3387988
3396858
3399971
3389185
3385986
3399961
3388071
3387786
3395405
3400820
3400432
3400052
3389555
3390046
3384967
3400137
3401197
3400439
3390155
3401698
3387493
3384757
3398068
3386679
3395617
3386495
3386650
3385818
3389043
3388962
3388474
3400662
3389780
3400553
3386684
3400957
3388589
3401646
3396763
3386442
3388156
3386810
3385998
3395557
3388151
3397659
3387475
3387500
3399031
3399692
3397367
3389808
3390238
3395394
3386200
3396210
3396419
3384925
3397982
3386249
3401386
3388030
3401833
3397838
3399497
3396336
3385460
3386528
3395385
3389919
3395511
3395600
3388482
3386712
3386721
3395357
3399589
3398342
3389760
3385977
3395540
3389253
3395780
3385050
3399174
3388447
3396825
3386492
3400755
3387235
3391004
3400293
3395573
3386543
3387240
3401509
3395983
3397417
3387095
3398176
3389398
3395522
3397774
3388860
3399813
3386896
3388560
3389832
3386652
3401120
3389552
3400994
3388045
3397949
3400840
3398711
3389426
3389603
3395802
3385112
3387821
3388941
3395878
3396321
3396004
3389207
3391017
3385958
3389311
3386554
3397783
3401692
3386993
3385612
3388078
3400071
3398427
3400176
3389200
3384913
3396070
3398444
3389498
3385756
3384866
3397820
3384944
3386021
3399472
3388968
3399129
3386825
3395254
3395722
3386630
3385350
3388282
3398698
3385715
3385417
3396816
3399562
3388501
3385883
3388230
3398443
3398174
3401456
3389547
3388858
3400122
3385096
3395675
3398469
3395304
3385990
3400929
3387313
3389899
3399796
3389746
3399537
3398609
3387685
3397436
3400857
3399253
3397077
3386805
3395616
3387945
3385582
3390296
3384945
3386675
3399064
3400921
3398978
3398422
3396080
3397756
3401914
3399762
3400017
3395957
3387552
3395258
3387806
3396359
3399082
3385055
3386256
3387486
3387688
3386919
3398297
3387226
3384817
3385516
3386716
3387060
3398598
3399099
3391108
3388396
3389337
3390257
3389825
3401230
3388023
3396186
3389487
3402099
3387076
3384915
3395283
3386588
3400402
3388051
3395907
3400148
3386119
3400424
3389908
3397381
3398762
3389789
3388004
3388334
3389293
3385190
3389661
3401596
3401300
3397724
3386438
3399359
3386340
3388808
3401190
3390445
3389774
3386013
3395371
3400578
3386719
3385498
3387094
3399763
3397735
3399981
3397340
3395821
3398212
3398277
3399520
3401461
3396044
3389769
3399355
3389515
3400166
3396348
3385303
3389411
3387053
3397428
3401322
3386813
3387249
3387976
3384830
3396609
3401360
3396637
3390025
3401701
3399745
3398489
3398175
3399206
3396884
3399046
3396588
3391117
3395690
3385016
3390226
3386565
3395335
3387110
3400653
3387841
3397781
3389227
3401802
3388409
3386861
3385971
3397652
3400339
3398028
3388550
3388895
3401323
3388458
3386969
3396409
3400278
3395740
3385776
3388845
3397776
3397449
3384673
3385639
3389959
3400445
3390287
3386316
3396881
3390172
3398692
3401277
3387255
3389254
3396970
3395562
3399425
3399452
3390139
3387926
3401104
3387585
3385140
3385966
3384952
3387883
3400032
3390853
3386132
3398480
3401618
3396627
3386401
3384981
3395505
3395430
3401279
3389658
3389868
3390472
3387551
3397514
3387328
3397868
3400217
3399645
3401736
3391057
3395643
3398851
3400418
3399313
3399466
3385599
3397883
3387014
3401366
3398217
3398659
3397380
3386141
3387855
3386039
3395924
3396397
3401272
3396450
3397339
3400298
3399384
3401178
3387274
3386067
3389643
3385594
3397474
3399397
3401536
3396505
3397281
3396813
3385451
3391264
3387319
3390216
3388056
3386571
3384827
3389669
3396991
3388513
3387816
3388329
3384826
3387824
3396732
3389486
3396546
3385003
3387898
3386720
3387637
3389395
3401460
3388015
3399480
3388619
3386686
3384736
3401412
3388930
3402013
3401285
3399164
3387271
3389940
3385054
3388391
3387746
3386733
3396306
3388813
3400011
3395683
3399062
3399900
3399890
3399509
3389345
3388632
3388633
3387056
3390558
3386261
3397502
3395860
3401924
3397650
3401336
3398251
3386257
3387159
3385006
3395504
3388236
3397021
3401314
3389591
3396143
3396099
3384714
3386718
3385683
3399956
3395263
3401637
3388952
3389172
3401282
3396398
3395861
3399597
3397585
3396421
3396685
3399605
3400126
3391182
3399366
3386258
3399440
3390327
3389568
3400283
3395632
3387831
3386880
3395566
3391202
3385081
3402001
3401489
3398678
3387208
3401557
3395585
3388397
3398155
3399698
3398214
3401891
3386931
3395299
3387594
3396667
3396796
3387186
3399294
3398361
3400421
3395875
3402109
3389187
3389091
3399227
3400916
3389032
3389733
3386297
3384820
3395817
3398305
3388152
3397041
3388416
3399429
3400563
3397462
3397726
3399190
3401793
3386939
3390744
3400742
3389567
3396940
3401610
3388295
3397796
3400373
3386697
3389264
3389628
3385896
3386357
3396488
3387171
3398853
3387040
3401019
3389175
3386020
3389230
3396023
3386961
3399187
3396714
3390195
3387430
3397547
3388145
3401721
3388719
3387232
3386729
3396580
3400620
3384863
3388266
3395280
3399949
3399668
3387783
3389866
3396467
3395476
3401652
3401273
3397467
3399771
3388730
3395823
3386207
3395827
3389459
3398639
3386269
3399369
3389735
3398896
3396739
3396879
3398503
3386408
3398064
3389261
3396923
3400343
3398026
3398455
3395311
3399895
3401400
3396672
3398637
3389882
3389627
3396323
3386618
3400114
3400782
3388666
3395338
3388826
3390385
3400172
3395535
3389378
3387320
3396518
3390426
3395631
3397743
3388411
3398514
3388928
3398968
3400697
3397256
3398411
3386509
3400667
3386834
3388280
3385736
3387268
3390288
3389918
3390368
3396608
3386888
3385472
3401879
3398576
3401420
3388805
3389365
3397359
3385198
3385704
3395634
3395834
3401586
3385047
3398830
3395998
3387955
3396112
3397241
3390422
3397554
3400354
3397885
3387827
3387457
3400143
3386346
3389585
3390240
3397786
3387673
3391186
3395374
3398424
3400505
3398248
3395419
3395270
3399757
3398837
3385358
3388979
3397288
3390515
3384946
3399625
3399327
3387490
3401458
3389177
3398635
3398656
3388187
3395340
3388367
3401520
3396279
3397749
3387934
3391021
3396024
3397905
3398301
3387166
3395474
3388590
3397962
3388429
3386858
3398135
3397621
3395599
3398986
3388491
3389376
3397719
3401160
3386662
3401143
3398372
3396636
3400848
3388290
3389029
3398047
3389615
3389184
3390437
3389589
3386374
3388221
3396434
3397741
3389911
3400975
3395735
3401483
3389098
3399447
3398452
3399651
3384653
3386296
3401669
3388814
3396819
3388255
3398304
3390595
3386928
3386352
3386094
3400141
3400542
3397792
3387203
3399944
3389804
3390799
3398532
3396883
3389631
3396092
3399874
3398267
3390818
3397499
3384651
3397371
3397303
3385774
3396895
3395558
3397057
3396494
3399396
3385578
3386285
3397292
3386816
3390062
3398523
3386696
3397950
3390852
3401193
3387680
3390400
3389648
3400846
3387727
3387190
3397422
3386766
3388594
3385724
3398595
3402041
3386415
3401049
3388140
3399938
3398727
3396841
3389035
3401813
3390082
3398681
3396676
3398950
3398528
3389655
3384839
3387836
3396495
3398170
3395395
3396345
3387869
3400318
3389016
3386781
3398010
3386234
3388789
3389971
3396333
3390693
3397182
3384993
3399284
3401852
3395312
3400709
3387317
3401370
3385439
3395268
3387985
3389183
3398303
3388284
3401835
3400890
3400624
3386166
3387671
3390962
3387114
3401157
3384976
3386175
3398891
3387063
3395342
3388276
3395426
3401099
3389148
3389713
3385433
3385298
3389126
3386757
3389087
3395936
3388557
3396260
3396634
3387525
3398783
3387117
3385431
3395545
3386497
3390241
3387509
3387810
3387928
3397639
3395965
3386058
3395757
3398226
3399758
3390339
3401289
3399655
3401358
3391069
3400598
3385379
3395459
3387415
3398573
3399360
3396354
3395307
3399222
3387999
3395746
3390004
3397810
3388144
3397326
3397017
3390877
3389288
3388444
3401046
3388300
3396692
3387451
3389849
3401174
3396872
3399746
3399301
3396365
3397850
3398712
3391238
3384914
3389703
3386785
3400353
3399720
3395582
3399218
3386150
3395489
3401455
3389353
3385101
3401267
3385332
3400748
3397959
3399814
3389130
3385908
3388098
3396291
3399584
3386770
3398229
3385952
3385622
3400009
3401315
3400812
3395303
3397980
3387199
3397161
3400779
3389645
3384989
3398630
3395265
3388115
3389027
3401335
3385565
3396161
3400119
3399642
3386875
3386837
3387181
3391061
3386349
3395220
3389468
3399016
3384712
3387920
3396905
3398167
3389689
3395770
3400647
3398903
3390629
3385566
3397053
3396431
3385305
3390468
3387453
3396639
3387876
3396673
3396886
3391387
3397955
3396552
3390760
3396726
3388710
3387124
3400229
3398794
3398090
3398081
3397878
3390027
3389174
3388143
3389834
3388769
3398192
3400981
3396620
3398673
3386690
3387395
3397323
3389057
3395577
3395866
3386048
3386545
3395313
3400727
3388703
3399446
3401243
3399830
3385910
3388454
3384713
3388617
3387140
3398322
3389197
3389897
3401280
3398947
3395980
3390336
3398988
3399787
3388783
3387965
3388197
3387213
3389217
3396015
3399124
3386001
3396077
3401368
3387145
3387044
3396187
3387284
3397181
3386839
3397221
3389011
3389777
3398827
3399785
3400560
3398569
3401378
3401954
3385147
3398644
3401471
3399916
3389775
3386186
3389521
3385992
3388147
3399871
3387504
3399037
3398756
3399619
3398563
3397061
3400974
3398187
3389481
3386608
3384744
3398219
3387133
3397206
3385655
3399201
3387085
3386381
3388400
3397616
3387248
3390349
3400543
3391037
3387020
3398396
3390194
3396311
3398897
3389431
3388181
3387967
3390340
3386530
3390057
3402047
3399172
3386270
3399843
3388524
3385923
3400570
3395420
3400575
3388657
3391029
3388526
3386989
3399144
3386116
3390554
3399407
3389161
3386084
3389587
3387558
3386673
3396635
3385400
3386231
3388448
3398294
3384748
3388531
3395598
3386529
3400925
3385486
3385083
3389465
3390303
3395922
3397832
3400684
3389245
3397964
3397297
3397083
3389445
3397676
3398538
3398453
3390190
3388263
3400398
3395529
3399248
3390669
3384724
3398016
3397393
3398020
3397193
3387779
3401511
3386295
3395850
3390618
3386555
3398458
3391335
3389078
3395969
3399626
3401783
3386755
3390245
3395287
3397455
3385867
3395460
3398926
3401909
3401771
3396270
3387411
3401991
3390338
3397330
3396917
3396601
3398556
3384999
3389845
3396175
3396105
3399748
3387183
3399014
3389530
3388404
3400535
3399546
3401090
3398105
3385415
3396748
3387275
3386339
3396629
3389430
3387739
3399216
3386981
3390920
3387263
3396469
3396376
3395326
3387161
3396721
3399976
3401629
3396810
3395756
3397705
3387608
3390147
3398778
3388856
3387776
3385494
3385610
3398691
3388234
3388286
3389324
3385754
3400521
3400792
3391230
3401576
3397065
3396822
3395655
3399189
3399291
3401552
3400589
3396920
3395772
3396833
3396100
3388604
3386498
3399641
3399318
3398724
3396292
3400870
3402042
3401169
3398391
3399162
3398957
3400168
3402104
3385077
3397468
3399400
3396617
3395409
3398204
3385394
3388857
3401925
3387101
3402032
3399825
3400596
3396387
3400753
3388288
3397092
3398638
3387625
3400773
3389931
3387672
3385466
3385691
3398420
3387270
3389075
3398262
3388342
3395730
3390035
3386348
3397306
3399136
3401411
3396259
3396322
3391006
3389973
3389193
3384708
3397966
3389399
3389871
3401756
3396532
3401383
3386432
3396745
3390740
3400305
3388873
3387424
3388578
3398046
3401416
3388553
3390156
3400047
3386457
3389829
3385800
3397858
3386775
3395786
3395927
3398932
3388899
3386041
3396066
3387770
3387470
3399269
3389994
3396978
3391246
3399525
3400428
3387092
3385875
3399990
3396705
3396480
3397567
3397261
3388166
3386363
3395795
3398559
3390131
3399411
3398468
3399818
3399522
3387602
3388412
3400655
3385017
3395224
3390261
3401556
3389970
3395339
3400455
3396571
3398791
3399861
3389489
3388920
3402036
3401182
3397207
3390779
3386467
3400461
3401119
3400440
3386953
3402022
3385846
3400252
3399977
3384847
3398614
3399180
3387696
3388546
3399477
3396069
3395844
3399320
3400478
3387755
3400585
3385386
3395343
3387778
3400633
3401286
3389316
3386739
3386743
3396262
3398753
3389831
3390638
3399382
3386680
3389708
3400717
3396648
3390889
3386317
3401479
3389941
3385224
3388124
3387984
3386091
3396889
3391316
3395260
3389768
3388824
3396406
3384994
3391347
3389949
3399767
3401254
3388487
3398592
3386153
3398258
3387815
3388810
3398719
3396612
3398574
3388798
3398945
3385919
3397114
3395622
3401602
3398660
3388926
3386659
3385716
3390066
3398996
3395872
3387842
3397461
3387322
3395947
3398733
3397170
3396844
3385538
3396967
3400930
3388602
3390945
3397376
3386383
3395626
3401845
3386620
3388176
3400802
3395676
3395667
3389905
3398333
3399675
3385398
3386818
3398665
3387408
3396052
3389300
3388269
3398118
3399052
3401138
3391093
3396501
3401500
3400191
3386581
3387941
3397122
3396750
3386250
3400417
3386353
3398178
3387303
3398653
3395563
3387357
3387016
3385740
3387204
3386731
3397426
3385178
3396335
3396429
3385287
3389646
3386167
3399872
3398242
3400408
3386671
3400146
3389822
3398356
3398466
3396962
3388001
3385051
3402071
3387834
3384978
3385882
3386687
3399749
3396924
3396197
3398271
3395928
3388665
3401439
3398218
3387880
3386336
3396283
3399887
3389417
3398550
3385323
3399310
3388902
3396716
3390681
3387250
3387568
3389480
3396309
3398911
3386508
3396742
3389099
3388049
3398324
3385752
3396516
3389759
3395423
3385037
3395835
3401161
3399202
3387832
3400856
3398417
3389779
3399925
3398247
3397100
3401039
3385266
3390406
3397251
3396625
3400394
3400351
3395418
3396265
3397972
3395658
3388010
3400359
3390235
3388204
3387109
3388618
3385563
3385210
3396047
3398114
3396108
3387435
3390344
3395300
3389437
3401583
3396678
3400241
3389074
3396701
3387640
3385770
3396542
3390807
3387125
3395388
3386294
3387689
3399856
3396682
3388379
3386911
3388002
3388113
3387439
3387067
3397869
3389001
3385850
3390378
3399891
3399510
3398347
3400046
3391008
3389238
3385470
3387719
3398553
3387997
3388473
3386300
3400111
3389005
3397605
3387287
3401017
3386056
3395940
3399656
3386290
3391433
3400269
3388146
3396443
3399632
3396596
3401055
3396511
3397480
3390535
3395820
3390109
3396091
3395895
3395649
3389000
3396709
3401415
3397900
3387047
3400550
3395784
3389154
3390531
3388638
3388936
3387396
3385176
3386749
3389745
3389182
3390994
3399751
3399747
3401242
3388558
3385921
3387825
3395804
3386034
3388643
3398180
3388248
3388901
3388923
3397818
3400106
3385404
3398209
3387333
3399297
3401251
3391250
3386772
3398273
3401446
3399486
3384813
3400565
3388437
3386637
3390055
3395677
3395964
3396357
3397335
3389951
3395444
3401714
3397507
3395253
3389451
3398293
3400618
3398548
3385567
3388876
3389551
3395325
3389682
3386170
3398076
3396499
3397211
3388241
3395572
3397575
3400248
3395486
3399599
3384881
3396438
3399296
3400207
3390977
3386055
3387368
3389906
3399939
3398677
3395478
3390018
3386887
3399333
3387442
3386829
3390218
3387943
3399410
3388673
3399587
3396647
3397419
3385435
3399743
3397540
3384704
3396968
3390319
3400517
3396722
3388787
3398260
3396225
3397527
3397050
3386158
3398012
3385275
3399565
3397788
3399506
3400872
3388466
3401041
3385307
3389852
3385138
3391405
3398530
3399889
3399812
3389415
3389089
3395809
3398920
3388229
3390430
3385831
3397262
3398570
3388239
3385419
3400541
3400021
3402114
3387112
3400392
3395261
3386254
3397904
3389676
3387359
3395644
3389782
3399964
3401639
3401868
3386050
3387496
3401969
3396771
3388574
3389211
3384962
3395432
3399860
3387026
3388471
3389440
3387914
3389815
3389783
3385542
3400622
3397477
3390370
3398708
3398191
3396939
3400627
3398761
3399859
3385760
3384891
3395267
3399404
3401050
3398990
3400259
3400997
3389917
3385399
3395595
3387393
3390585
3396602
3389390
3401623
3400539
3387476
3386798
3385150
3388869
3384825
3400089
3385062
3390395
3401761
3386355
3401546
3388566
3395495
3388192
3400927
3395608
3385206
3395351
3396002
3387571
3399595
3397555
3396059
3400397
3396746
3396876
3386517
3384974
3396430
3386284
3387258
3400537
3387179
3385913
3399485
3390495
3387975
3385346
3389160
3387224
3398033
3398619
3384882
3387812
3398292
3400383
3390182
3399499
3399722
3389576
3385145
3387748
3396117
3398596
3397764
3387661
3385174
3398593
3401086
3400669
3388027
3398799
3387520
3388326
3396173
3389473
3397007
3387187
3400700
3390350
3397368
3388395
3385943
3387545
3395781
3395920
3385948
3398714
3399530
3396153
3395578
3387910
3396598
3398308
3395559
3396136
3390352
3389095
3400462
3389527
3389749
3385020
3395596
3386513
3400513
3396296
3388529
3396325
3387514
3389483
3396472
3386533
3389892
3396065
3389773
3398958
3389055
3396230
3398206
3395863
3400583
3388764
3388644
3386159
3401607
3397464
3389326
3395806
3389610
3388595
3388797
3386199
3401154
3387215
3397582
3397646
3399539
3398073
3386674
3399585
3389462
3384992
3385824
3387870
3396014
3387005
3387772
3400258
3389158
3400302
3388515
3398679
3401385
3387518
3398470
3401732
3388159
3388154
3399943
3396731
3399922
3396951
3387701
3385254
3400835
3398059
3400044
3386789
3389792
3389190
3386484
3400874
3395376
3398970
3401080
3398194
3399273
3385184
3397825
3401271
3390110
3387840
3398431
3388233
3389257
3388029
3395366
3401653
3385356
3389797
3395992
3397003
3389237
3387708
3390008
3400433
3387730
3389956
3387756
3400167
3389136
3398605
3401149
3387295
3389452
3387872
3400760
3399928
3397888
3384975
3400289
3388971
3389317
3388067
3401176
3387403
3397882
3401968
3399169
3385040
3396120
3386066
3384784
3385969
3396114
3389215
3389826
3397562
3389153
3398502
3386074
3385899
3396524
3398743
3397141
3401490
3399066
3386752
3399696
3401118
3386734
3388636
3390953
3400002
3395857
3387691
3398618
3386301
3387848
3401187
3388870
3387889
3389335
3386668
3397078
3397310
3398876
3386052
3389375
3388343
3401121
3398203
3388924
3387859
3386280
3387251
3401061
3387600
3387038
3389385
3385441
3385395
3388642
3396315
3386289
3389537
3399991
3385658
3389692
3388372
3397532
3395537
3389744
3388048
3396479
3399496
3397227
3385634
3389721
3400522
3399897
3398360
3389830
3401020
3401597
3400962
3386264
3397524
3387684
3388865
3388452
3397879
3396576
3396274
3395813
3399331
3399551
3396182
3398846
3401723
3398337
3399444
3389169
3386879
3396897
3387710
3396344
3398748
3387202
3385931
3387803
3389512
3386226
3386869
3396830
3399881
3397400
3388593
3387401
3396646
3400387
3399057
3399500
3385038
3388350
3385328
3396747
3396373
3385703
3397945
3398738
3398500
3385588
3401595
3390364
3396753
3390990
3384639
3398971
3387805
3397138
3400131
3385764
3397636
3396482
3389220
3399978
3390589
3389470
3390037
3395714
3398149
3387856
3386622
3386322
3391198
3397596
3397660
3388133
3398143
3396422
3389266
3401150
3396773
3396900
3395502
3389505
3397450
3388929
3385238
3399842
3386332
3387246
3401427
3399811
3385713
3385164
3395255
3399414
3388976
3401889
3400216
3384818
3400480
3387138
3398476
3401848
3387350
3386474
3395348
3399516
3400368
3387428
3396577
3385074
3386010
3395259
3384809
3389602
3396578
3387096
3399371
3390023
3398741
3395369
3398441
3401555
3387576
3395223
3389690
3400178
3386538
3389935
3398287
3385950
3401877
3388836
3398299
3385717
3388569
3396464
3397190
3399239
3398464
3388127
3400048
3386291
3390227
3395457
3395452
3387801
3396824
3388355
3388131
3399106
3384698
3385461
3388706
3400481
3385087
3388371
3387299
3386230
3390272
3397307
3401678
3397701
3386344
3390849
3398186
3384709
3390251
3400632
3399214
3385327
3387533
3387506
3386645
3396826
3395851
3402051
3395517
3398370
3396463
3396411
3391312
3385541
3399464
3395865
3399609
3388354
3398776
3387547
3386373
3400695
3386666
3386987
3400876
3399731
3385170
3397186
3391339
3401843
3400609
3397010
3395561
3389999
3395783
3399569
3401754
3389063
3388119
3390089
3389904
3398650
3398965
3401000
3389651
3398491
3396875
3386926
3389846
3401237
3388577
3390498
3387761
3390861
3401232
3389981
3385887
3389272
3399786
3395745
3391391
3397402
3397559
3388940
3400361
3399789
3387634
3386386
3396068
3385128
3396724
3387740
3386276
3395199
3400314
3389343
3388011
3395728
3398555
3391437
3389110
3385670
3397755
3396191
3400156
3397819
3390985
3395454
3400733
3389660
3387896
3399048
3397768
3401541
3401250
3387980
3396502
3397216
3395867
3399935
3386703
3399727
3396892
3388564
3386108
3387172
3388958
3395273
3396378
3388203
3395453
3386139
3385492
3398921
3389045
3395386
3389170
3385862
3398202
3387669
3387707
3395630
3387792
3400117
3388984
3398925
3397765
3388431
3385110
3397364
3384814
3395687
3399068
3385963
3390857
3388375
3389705
3390684
3400038
3385686
3396985
3400842
3389021
3389362
3390830
3386305
3397999
3398930
3396840
3399801
3401896
3391073
3398440
3399819
3385662
3399336
3387677
3400489
3389382
3387209
3385028
3388538
3397090
3388939
3395862
3396386
3396870
3396056
3399857
3399237
3389867
3398521
3396918
3401973
3398146
3387537
3395243
3388492
3388788
3387308
3399450
3395759
3400530
3385891
3385935
3388812
3398904
3396715
3400325
3397453
3399230
3387687
3397515
3387521
3397689
3386214
3386917
3401918
3385828
3401297
3387766
3384676
3396660
3395516
3396261
3395455
3396589
3398786
3388951
3399282
3399967
3397444
3390311
3386215
3400509
3396526
3399307
3387933
3398467
3384929
3386303
3399501
3387954
3386774
3397126
3395771
3397217
3398707
3398628
3398366
3399526
3386031
3384988
3385903
3385111
3398071
3400707
3399984
3386162
3386851
3385765
3395914
3385120
3399804
3398358
3397485
3384696
3390135
3396156
3390184
3396942
3385993
3387566
3390228
3397767
3398506
3397922
3385945
3395244
3401448
3395359
3390006
3395302
3389409
3395407
3385796
3397413
3389685
3387814
3397956
3399989
3396385
3398631
3386124
3386409
3397357
3390795
3388770
3385624
3397836
3385600
3400672
3385591
3389485
3390289
3396769
3396936
3386860
3395734
3389594
3389002
3389114
3386929
3388907
3399904
3388598
3390232
3395681
3398430
3397779
3386806
3387992
3396258
3396107
3398671
3402006
3395485
3387468
3386711
3387912
3387446
3399624
3395810
3391367
3399657
3398526
3388132
3401075
3387731
3386758
3397071
3396017
3385229
3389947
3385251
3398841
3385598
3389189
3395356
3396943
3396827
3395628
3396990
3400767
3388990
3384783
3400338
3386323
3396149
3389310
3396460
3399392
3384811
3401417
3400467
3386445
3401815
3400938
3398457
3386232
3396758
3395961
3385355
3390403
3387940
3396548
3390881
3398326
3399913
3396313
3397219
3388220
3397780
3388978
3398323
3396945
3396470
3389516
3399332
3396437
3400712
3398900
3398363
3389278
3385039
3387485
3388786
3401727
3390451
3399802
3396567
3396342
3389991
3389269
3397509
3387164
3400127
3396977
3398814
3397494
3395959
3398540
3387314
3400772
3396471
3388462
3397441
3398056
3398912
3390653
3388898
3396045
3400679
3401496
3386747
3389356
3384802
3396183
3401486
3385937
3388345
3400448
3388325
3401083
3396734
3398426
3389276
3390330
3398536
3388000
3396686
3397305
3389281
3398239
3397198
3398948
3385216
3400847
3399276
3387108
3386502
3387563
3389492
3398182
3401066
3395208
3396449
3401162
3397159
3397229
3390317
3400723
3388500
3401526
3385816
3399854
3389209
3386838
3389093
3399870
3390200
3389544
3401435
3395739
3389844
3386947
3389950
3388935
3386369
3400884
3395345
3396275
3389514
3390097
3401139
3399781
3389741
3386345
3384697
3396846
3389033
3399740
3398533
3398409
3391280
3401307
3387343
3395316
3397112
3385960
3384846
3387843
3399140
3400545
3388040
3397674
3388299
3397314
3400702
3401950
3400816
3390049
3385388
3398551
3397214
3387243
3395219
3387352
3397005
3400591
3387656
3395176
3385728
3397556
3401218
3396922
3401787
3389171
3386262
3396531
3398764
3398022
3395413
3397162
3398973
3397548
3397698
3389381
3397134
3397397
3401137
3389225
3384874
3387184
3384701
3401035
3390268
3387513
3401469
3387389
3387820
3399723
3387384
3391375
3390649
3387192
3401525
3396642
3397264
3398577
3399951
3389328
3390845
3387796
3400022
3398751
3398290
3397370
3384803
3386470
3401268
3395693
3400429
3386762
3390459
3388393
3401255
3400452
3397247
3398697
3399245
3398295
3395193
3391371
3401825
3387447
3401827
3396508
3398405
3397025
3389742
3389425
3386006
3388584
3401065
3395694
3389146
3401363
3387543
3397895
3401850
3400823
3398675
3395593
3390281
3385412
3397863
3397275
3400273
3399406
3389243
3397130
3387535
3386635
3390372
3385384
3390206
3386699
3385898
3400703
3386093
3402031
3400978
3401288
3398627
3399170
3391179
3395402
3388469
3389801
3385781
3398329
3396717
3389060
3400511
3389700
3396491
3389178
3400639
3389620
3396362
3389213
3396239
3395481
3396403
3398512
3386461
3389921
3399634
3399287
3399846
3396994
3398421
3385826
3386347
3385576
3385843
3398062
3388044
3399083
3387413
3397634
3400948
3386819
3386856
3388809
3401626
3400202
3401674
3385904
3400654
3387703
3390423
3401958
3395390
3398689
3389129
3388750
3396741
3396959
3396234
3386569
3387664
3398792
3385106
3390029
3384659
3395944
3388620
3398331
3399431
3399688
3387494
3387071
3385126
3385186
3389946
3388246
3390263
3387438
3386350
3388588
3398822
3388279
3388561
3388697
3398268
3399326
3388366
3391010
3389572
3386030
3401862
3387907
3396738
3400438
3396490
3389236
3399850
3388667
3389051
3396930
3386655
3400263
3399251
3388922
3396690
3390191
3385088
3386412
3386607
3396865
3389477
3390022
3400324
3385810
3398688
3396812
3387386
3395576
3400100
3385737
3388104
3389522
3385534
3388966
3389916
3386321
3387070
3388597
3397079
3389856
3385522
3384942
3398024
3399820
3401989
3387929
3397132
3387316
3400174
3398052
3386522
3389163
3399782
3399474
3385890
3384691
3388038
3396785
3399639
3387725
3388039
3385297
3400194
3397872
3390810
3396961
3395754
3397800
3395935
3387569
3388883
3386531
3400444
3389144
3397266
3395257
3400992
3385243
3396662
3397194
3389228
3398529
3399788
3390822
3387902
3398336
3395587
3385141
3385324
3400559
3401365
3395431
3396854
3385784
3385838
3400193
3386633
3384688
3395396
3395886
3387781
3400896
3397491
3401971
3387361
3395715
3386744
3399571
3395543
3400715
3387767
3390908
3385457
3401470
3386393
3390826
3390331
3389314
3389960
3385652
3400209
3388519
3389025
3400934
3395812
3389619
3385343
3399171
3400085
3385878
3399399
3398809
3401030
3399529
3400234
3399994
3389108
3395646
3400018
3396549
3396383
3389813
3397510
3395636
3389267
3396719
3390176
3390424
3395762
3399685
3388018
3386047
3400886
3397647
3395289
3400984
3399927
3385172
3385712
3389414
3386195
3388563
3397472
3398151
3388327
3388464
3386338
3397778
3390144
3384940
3401101
3388718
3395794
3387455
3386283
3389115
3388275
3396712
3385745
3398725
3387964
3389755
3390441
3399837
3396046
3385196
3389563
3401510
3399079
3395411
3387899
3396332
3395551
3397837
3399744
3387530
3389569
3397124
3397043
3387745
3389338
3388026
3398735
3401867
3389737
3390309
3395840
3388077
3396160
3396113
3389820
3399274
3399367
3388833
3387306
3387886
3389996
3387414
3399735
3400294
3397564
3395612
3385750
3390253
3396563
3395401
3390677
3400674
3400039
3390434
3388850
3396795
3388853
3388522
3388047
3401981
3390127
3399708
3395968
3385445
3386876
3386255
3400310
3395997
3386354
3387296
3399325
3398207
3385721
3400240
3401421
3385656
3386192
3388849
3387780
3397466
3399567
3395332
3400203
3384732
3396078
3398946
3401817
3396559
3385636
3400525
3398314
3398726
3396238
3390041
3401295
3397833
3401059
3397610
3396338
3400544
3399541
3385569
3384941
3396832
3401231
3398359
3397611
3396931
3388080
3398451
3395477
3388177
3398807
3390016
3386738
3398385
3388179
3399340
3401361
3395995
3386689
3397103
3399175
3398095
3395978
3386244
3398222
3387959
3386182
3396148
3397986
3388094
3389763
3398693
3386042
3388549
3398461
3384692
3400645
3387483
3395847
3386405
3385798
3396405
3395584
3388035
3395228
3397929
3399716
3391292
3401797
3384919
3398132
3387960
3386481
3396174
3399204
3399091
3386035
3395603
3400640
3401344
3396674
3386859
3401521
3389725
3397484
3401554
3388088
3395966
3390175
3399852
3386873
3399135
3389379
3395699
3388932
3396804
3386302
3397519
3401094
3398093
3387874
3386602
3389523
3401638
3386430
3386941
3387200
3396649
3387515
3387410
3400068
3388486
3399755
3388247
3395414
3400472
3395528
3397736
3399194
3389118
3401828
3387502
3397590
3399934
3385122
3398703
3396915
3386379
3388222
3398995
3389186
3397321
3400309
3401340
3395828
3385025
3390954
3400376
3390844
3385590
3399268
3396818
3386060
3385840
3386164
3401493
3387082
3399192
3386008
3387549
3395165
3396268
3398493
3386846
3387567
3401369
3386663
3386151
3385390
3400000
3387466
3401263
3390020
3398008
3387219
3399008
3398940
3401853
3389140
3389432
3399733
3388977
3397811
3387463
3388756
3397947
3386463
3396550
3397816
3396314
3391104
3397284
3390320
3401036
3390362
3388465
3386246
3390709
3400140
3400740
3384740
3390000
3388453
3390932
3400287
3400588
3389936
3384787
3401808
3386512
3401147
3401749
3399266
3388209
3396786
3400757
3397382
3401615
3387527
3388057
3388677
3401823
3398375
3395247
3398571
3398862
3399454
3385490
3396547
3387839
3386542
3398355
3396121
3385732
3399940
3386501
3399899
3385587
3387452
3395466
3396867
3397787
3400344
3387655
3396081
3400288
3397424
3387629
3388373
3399665
3398044
3387734
3401333
3397840
3396171
3388537
3396894
3398197
3399044
3388070
3397267
3398607
3398069
3395546
3397236
3385018
3400477
3388879
3396853
3396815
3400722
3400515
3395440
3401345
3385632
3390419
3397718
3386764
3389839
3397746
3385514
3398284
3388793
3395883
3399780
3398612
3400920
3396544
3387210
3386570
3398597
3390244
3395252
3400264
3386100
3387681
3388005
3389740
3401399
3396507
3400788
3389150
3399809
3396821
3400603
3387064
3385733
3401106
3388478
3386534
3390366
3387807
3387325
3402026
3397983
3387385
3390118
3396570
3400584
3387086
3385939
3396459
3390314
3387930
3399421
3397338
3396837
3390208
3389545
3388122
3400688
3396485
3397295
3388470
3388323
3386320
3389770
3386237
3385825
3401694
3386912
3390280
3389427
3399515
3389821
3389312
3384922
3387191
3396591
3397479
3397469
3387505
3386149
3385076
3400189
3401570
3397530
3396468
3389757
3397848
3387376
3387723
3396793
3397557
3385352
3400081
3389070
3384745
3401644
3398037
3388881
3398179
3386991
3384834
3399417
3386583
3400412
3387315
3387759
3384960
3385372
3385842
3395669
3391441
3390223
3389504
3388201
3398164
3395468
3395977
3389666
3389467
3387370
3396611
3387946
3396201
3400059
3400013
3399306
3399356
3387234
3401414
3400014
3387160
3396517
3396973
3399481
3400069
3396145
3398583
3385942
3390246
3396539
3395963
3388699
3388903
3387374
3401262
3399600
3401244
3401247
3399586
3388419
3385820
3385293
3384741
3384796
3385996
3395341
3395899
3398527
3389509
3386801
3395704
3387939
3389341
3388096
3389474
3397265
3398516
3396928
3398645
3388991
3395719
3388445
3386908
3396706
3396873
3391112
3401419
3398478
3395493
3387116
3387638
3395685
3400182
3387979
3385766
3385934
3386288
3385806
3401572
3388257
3395507
3401290
3387037
3395448
3397899
3388317
3387276
3396441
3389965
3391045
3395888
3387534
3400594
3389847
3399577
3396538
3387051
3398288
3397239
3388882
3387088
3397784
3400555
3396253
3397664
3385970
3395732
3384828
3388768
3399211
3400459
3390943
3386567
3396433
3401930
3398088
3396280
3398144
3397910
3397914
3397178
3389597
3400832
3388183
3395461
3390912
3401651
3390050
3387499
3398065
3387897
3388510
3385449
3397599
3386504
3389049
3399905
3388711
3385072
3401996
3389251
3399401
3399354
3390069
3398487
3401021
3396960
3387983
3384948
3387660
3396317
3396633
3390550
3396756
3396122
3388019
3387881
3400659
3390904
3401994
3388139
3389290
3395826
3400783
3387412
3395990
3390323
3389838
3398821
3398959
3387367
3401955
3389404
3399590
3385095
3399346
3391355
3397387
3400758
3395942
3400527
3398960
3389510
3387996
3384775
3401208
3386783
3401201
3388818
3395621
3388694
3395346
3384705
3390724
3397967
3399715
3395324
3401410
3386871
3387121
3400079
3387519
3396331
3396768
3399004
3389833
3401575
3398138
3384931
3388743
3389009
3389888
3386218
3387132
3386897
3399329
3388164
3395751
3386945
3389219
3388554
3390275
3398736
3387757
3388896
3391343
3399427
3396956
3400556
3387570
3390412
3397581
3389405
3395650
3384937
3401984
3400212
3396067
3385393
3385877
3388521
3398281
3390102
3398744
3388682
3396454
3385065
3399833
3387526
3389654
3389743
3390431
3400227
3385085
3389296
3399709
3395753
3396109
3390662
3398330
3387683
3396694
3384801
3390187
3387511
3397456
3397037
3388861
3387004
3389157
3397694
3390343
3395782
3387167
3396866
3398654
3398166
3401032
3387847
3395556
3388277
3400345
3388089
3395601
3397066
3400968
3396778
3388082
3399966
3396592
3386713
3385946
3400158
3399380
3395724
3396166
3399321
3401620
3400554
3389719
3386596
3399582
3401742
3389478
3401004
3397981
3386557
3399033
3398403
3391097
3396439
3389458
3386163
3399732
3398215
3389953
3398931
3399769
3386754
3397337
3402074
3397302
3385529
3399776
3399182
3397696
3395981
3399177
3389656
3398257
3385918
3396252
3395170
3386103
3387069
3387000
3401611
3401788
3398782
3399544
3388772
3386459
3395358
3385091
3396711
3397290
3388083
3395695
3389248
3388792
3387216
3398519
3389624
3386996
3399579
3395986
3388436
3387036
3385997
3400629
3398343
3386479
3402027
3401085
3385069
3387937
3395415
3386624
3401976
3390897
3400983
3388260
3384926
3396500
3387895
3401731
3385075
3397969
3398211
3396529
3386277
3387522
3386586
3387966
3401292
3388698
3398142
3390203
3387532
3396583
3398285
3398722
3388250
3397298
3390276
3388942
3396337
3401516
3387382
3398937
3389837
3389047
3399555
3400104
3385082
3399893
3386900
3395539
3386728
3385162
3386924
3386371
3397753
3391049
3387072
3400798
3398474
3384695
3396139
3395642
3385453
3391014
3395567
3387905
3397716
3399089
3396650
3399908
3391234
3388877
3401884
3385546
3386273
3396558
3385005
3397260
3387887
3400473
3387741
3395843
3388890
3395880
3397318
3387851
3388195
3400880
3399847
3395926
3400450
3388422
3399946
3388399
3398881
3399420
3389652
3396424
3397075
3400130
3388185
3389601
3397268
3389887
3388162
3389434
3384854
3386002
3398483
3395716
3401329
3397322
3384815
3389697
3389366
3388306
3384737
3386482
3398465
3387242
3396607
3396097
3397202
3395787
3386251
3399389
3397022
3388970
3397740
3389616
3397894
3385029
3395381
3387043
3395692
3400687
3389003
3396829
3387548
3387292
3398582
3399679
3400558
3385911
3399901
3388887
3397470
3389298
3387720
3388997
3398880
3385753
3388148
3399490
3385100
3387144
3401481
3396536
3386014
3400950
3385706
3396521
3397666
3389450
3397471
3398501
3388573
3385014
3384700
3388625
3400889
3397651
3386496
3401135
3396266
3401011
3399364
3387147
3397237
3385772
3399409
3387488
3401192
3389593
3385340
3390775
3389945
3401204
3387804
3398863
3386102
3389943
3399021
3387709
3386176
3401466
3398720
3401056
3400885
3398702
3397874
3388134
3389203
3386004
3399778
3384716
3386626
3398286
3385317
3387254
3387105
3388484
3400987
3388161
3385902
3387241
3385351
3395938
3390054
3388401
3397609
3395627
3387440
3398933
3391120
3386458
3387791
3390365
3396289
3385604
3399517
3386988
3398662
3398373
3385530
3389535
3388943
3388311
3387793
3397805
3399419
3389677
3388073
3390606
3398100
3397058
3391417
3400568
3395532
3388296
3396417
3388368
3388385
3387523
3386965
3390237
3398524
3388050
3387126
3396927
3389816
3388060
3387229
3398585
3395679
3401666
3400488
3398496
3385387
3389914
3389524
3401495
3400547
3385786
3390090
3388994
3401549
3389975
3396339
3396263
3385153
3398985
3385667
3397685
3387282
3395564
3385827
3395262
3390491
3396058
3400652
3388381
3386279
3389753
3387380
3384655
3385469
3385107
3395433
3385814
3387995
3385671
3395882
3387460
3389384
3395890
3384859
3401312
3388042
3396242
3390420
3395864
3386708
3390042
3386576
3401128
3400905
3386553
3401170
3385864
3387321
3396301
3399958
3397770
3389040
3400852
3401948
3399009
3387421
3398365
3395731
3389067
3387136
3390358
3386028
3390267
3395248
3395347
3391258
3389729
3395284
3384805
3387871
3389173
3396767
3390075
3386803
3390712
3389778
3395524
3401389
3398189
3390293
3401773
3389013
3397392
3396859
3390657
3399059
3395425
3387471
3399678
3385769
3399361
3399003
3399737
3390791
3399465
3398185
3389806
3385699
3395305
3395361
3387141
3400284
3400463
3399505
3389023
3400151
3398507
3386799
3399051
3387400
3389503
3398435
3387732
3398352
3398113
3384990
3395365
3401281
3397447
3388695
3401916
3399661
3389132
3398682
3387906
3397385
3398332
3385893
3387075
3396838
3389436
3386378
3390951
3389954
3389736
3395672
3398110
3391218
3387973
3399432
3385496
3399442
3395591
3398587
3399422
3397695
3398263
3400861
3397169
3386654
3386631
3401334
3396188
3400940
3401258
3400134
3396384
3385664
3400986
3398498
3400043
3397529
3400900
3397128
3384810
3401906
3400099
3398488
3387901
3398558
3398606
3396809
3389681
3386044
3399262
3400830
3396356
3389119
3396498
3385707
3401074
3387989
3400635
3399461
3390625
3388426
3389693
3385036
3396680
3385871
3388440
3396811
3389283
3386329
3385010
3401560
3400254
3387221
3389938
3401270
3396341
3398770
3389162
3401103
3386807
3390196
3401671
3385392
3395712
3384980
3396981
3401338
3389810
3385103
3386072
3396277
3390519
3388063
3388315
3400192
3396684
3388242
3400023
3401881
3385239
3386115
3386466
3398021
3398706
3401227
3389442
3388196
3389835
3395651
3385024
3389494
3401348
3398642
3390033
3398256
3400970
3400548
3385130
3386223
3390487
3401911
3397405
3389216
3389223
3387743
3400574
3388774
3396089
3400895
3386377
3388779
3385364
3399702
3389842
3396613
3398473
3397997
3396297
3400546
3395703
3388610
3396594
3399342
3387574
3388386
3387323
3391012
3398883
3396783
3388804
3385788
3396425
3397155
3385363
3398842
3398280
3385855
3387247
3389531
3388086
3395443
3386627
3385537
3398746
3401999
3399412
3396903
3396986
3385729
3389573
3400737
3386211
3399815
3400004
3400423
3396030
3386722
3398549
3389295
3387636
3391324
3390457
3397930
3395387
3388704
3400736
3400807
3388408
3389875
3397867
3386937
3386814
3395240
3395473
3395903
3395571
3395908
3384949
3388757
3395800
3396545
3387279
3395354
3399875
3387465
3399636
3399191
3399920
3389680
3400329
3401484
3398997
3388331
3389798
3389605
3397377
3397750
3389104
3389139
3387165
3398873
3387712
3385500
3395565
3385757
3386695
3400540
3398121
3400179
3384958
3387582
3399224
3400153
3386651
3389502
3389560
3387029
3387327
3396937
3390479
3401590
3385525
3396856
3401291
3389403
3398729
3388534
3395792
3398482
3396691
3384647
3398721
3385562
3401114
3385868
3399092
3398338
3385277
3396562
3386623
3391025
3395607
3395288
3386314
3395819
3396402
3400084
3401708
3396176
3385080
3398831
3399101
3387799
3385916
3400777
3389464
3388456
3398562
3401026
3387205
3390354
3388722
3395569
3385579
3398279
3401582
3400304
3385615
3387692
3396658
3388989
3388384
3387480
3400404
3385905
3386830
3396264
3401503
3386842
3385927
3386032
3396456
3386076
3384964
3397038
3400955
3401440
3387196
3389895
3395845
3397365
3386315
3386784
3400352
3391053
3397062
3390034
3399212
3396246
3400901
3401202
3387479
3399495
3388874
3389342
3388820
3401593
3387157
3399238
3395472
3401944
3401341
3401124
3397804
3385302
3386431
3385362
3395615
3396477
3397715
3395408
3398041
3390300
3399686
3397890
3395941
3387922
3388735
3391409
3400419
3399185
3386957
3388582
3401051
3397539
3387365
3386268
3388571
3400999
3388834
3396064
3396355
3395462
3400171
3397067
3399351
3396513
3389977
3395793
3396248
3401687
3384995
3389715
3401963
3399304
3388658
3387137
3384788
3387974
3396657
3396452
3388545
3385994
3397351
3389331
3385105
3402094
3387098
3396364
3401375
3400407
3400317
3390410
3401649
3401096
3390841
3398283
3398255
3385603
3399810
3386009
3395816
3398694
3385061
3401304
3387149
3386539
3397408
3388304
3388243
3398857
3387762
3399892
3398462
3399494
3384917
3395769
3388950
3386062
3385607
3397887
3400959
3397023
3398847
3391288
3389724
3387487
3401441
3388846
3389860
3395727
3399775
3400275
3389884
3387868
3395353
3387721
3395334
3396111
3400221
3388995
3396710
3400504
3385695
3395760
3396497
3399724
3400295
3395410
3398369
3389308
3401238
3389910
3401504
3395808
3401259
3388254
3400862
3400805
3386795
3386844
3399165
3400507
3399467
3400315
3385182
3390523
3398190
3388170
3401396
3388217
3396907
3396096
3387817
3387909
3385727
3398759
3401686
3396303
3395775
3385371
3386282
3397443
3389886
3401473
3389010
3395487
3400976
3397739
3388114
3390186
3385245
3401940
3395317
3388370
3398216
3396447
3396510
3398208
3389007
3398129
3387536
3401328
3400454
3398394
3389898
3388237
3389233
3398049
3395442
3396229
3384789
3396835
3385984
3386095
3389329
3390337
3396281
3389348
3390326
3389022
3399524
3386872
3401763
3395618
3398233
3389103
3397693
3395434
3396575
3387573
3399773
3400881
3400972
3399752
3396543
3398680
3401613
3396298
3387998
3398787
3398269
3395470
3384835
3386706
3388130
3390408
3388614
3397794
3396926
3387464
3397970
3401354
3401840
3387947
3387753
3389625
3395488
3396555
3389252
3387150
3398172
3395508
3401550
3395645
3396698
3396319
3386311
3397553
3389902
3400142
3391128
3400730
3389942
3400533
3401935
3389955
3391000
3385046
3399912
3401803
3398908
3390692
3397680
3390612
3398289
3390848
3399210
3399514
3401475
3390716
3389196
3386767
3389497
3399947
3388224
3396478
3388374
3401429
3399650
3388669
3399953
3400911
3401838
3400909
3396255
3386493
3387473
3399316
3396861
3396996
3400484
3400120
3390307
3384957
3389449
3398400
3386019
3389165
3400413
3395776
3397257
3390167
3396919
3386681
3385232
3397481
3397378
3399831
3400349
3401537
3396862
3387951
3400595
3388880
3387971
3398379
3385044
3388455
3385988
3395674
3396605
3395670
3388875
3402076
3398633
3397204
3396051
3401350
3386306
3389863
3389756
3387448
3399437
3388168
3401098
3388259
3391296
3389083
3388084
3386804
3401171
3385692
3398318
3396797
3398684
3399667
3397366
3388910
3388762
3400683
3398117
3398567
3399270
3399714
3397807
3396086
3400614
3389978
3399774
3395320
3388427
3389559
3389194
3388606
3399591
3400222
3400265
3401221
3386524
3390322
3396557
3399013
3387154
3388528
3390284
3401647
3386751
3386078
3399347
3401683
3384987
3401351
3396896
3401374
3401616
3398907
3389665
3396666
3399783
3385725
3396997
3395989
3385068
3388794
3387054
3398354
3387794
3399592
3397315
3397801
3397095
3390291
3387347
3391077
3396839
3396687
3387517
3400960
3399728
3396222
3385920
3385973
3389112
3401007
3396413
3396659
3387663
3400457
3395575
3385407
3387354
3398683
3396294
3395688
3389412
3395492
3387621
3396116
3399729
3386087
3386863
3387495
3401152
3389932
3397738
3389979
3396776
3391214
3386815
3398954
3391304
3396293
3401302
3386486
3398717
3399838
3388307
3390435
3396082
3390458
3395647
3397700
3389447
3389924
3387280
3399402
3398007
3386367
3388830
3390285
3397576
3389541
3395447
3385975
3397843
3395536
3396754
3388648
3400110
3399220
3398198
3400226
3398877
3389987
3385915
3390941
3389632
3397730
3388085
3399666
3389303
3389853
3385465
3386361
3387704
3399376
3395720
3398797
3386558
3401185
3395987
3395329
3398518
3388405
3400519
3398826
3398832
3399983
3397110
