000000
000005
000028
000043
000048
000054
000058
000065
000070
000073
000074
000076
000103
000109
000118
000130
000147
000156
000167
000187
000189
000193
000195
000199
000209
000251
000263
000265
000277
000287
000288
000290
000294
000298
000317
000324
000327
000337
000341
000342
000364
000365
000368
000381
000398
000407
000465
000469
000477
000487
000496
000498
000499
000509
000518
000520
000532
000596
000598
000604
000625
000633
000646
000663
000671
000675
000695
000701
000703
000720
000721
000722
000726
000731
000744
000746
000769
000770
000784
000789
000806
000811
000825
000826
000827
000840
000841
000861
000862
000874
000892
000923
000928
000931
000937
000947
000957
000961
000966
000971
001019
001029
001031
001033
001036
001037
001057
001088
001091
001106
001113
001124
001132
001149
001160
001161
001169
001174
001189
001191
001198
001205
001207
001208
001211
001220
001228
001233
001249
001252
001256
001267
001272
001279
001300
001314
001323
001334
001340
001348
001354
001357
001374
001384
001394
001397
001405
001406
001421
001422
001423
001428
001431
001441
001444
001449
001454
001467
001477
001488
001504
001509
001519
001525
001529
001540
001543
001544
001547
001548
001549
001558
001568
001571
001572
001574
001609
001611
001622
001624
001632
001654
001661
001667
001689
001692
001725
001758
001777
001782
001790
001795
001804
001817
001819
001822
001835
001846
001864
001873
001879
001902
001910
001911
001915
001923
001958
001970
001971
001972
001981
001982
001984
001994
001998
002005
002007
002015
002023
002030
002042
002045
002058
002059
002065
002071
002073
002075
002108
002117
002133
002144
002149
002156
002159
002160
002178
002180
002189
002226
002247
002249
002267
002271
002279
002282
002287
002289
002299
002310
002324
002334
002342
002351
002360
002369
002379
002386
002393
002402
002403
002408
002410
002424
002440
002456
002457
002478
002485
002493
002496
002507
002524
002526
002529
002536
002548
002554
002557
002605
002609
002613
002616
002617
002618
002634
002643
002649
002651
002663
002666
002671
002680
002689
002693
002707
002718
002735
002739
002742
002763
002767
002769
002774
002780
002792
002799
002811
002837
002851
002857
002860
002863
002868
002870
002875
002881
002885
002888
002889
002898
002904
002906
002914
002917
002920
002927
002943
002952
002954
002956
002979
002994
003002
003018
003020
003024
003054
003059
003082
003085
003106
003121
003122
003130
003134
003149
003162
003164
003171
003177
003185
003193
003199
003202
003207
003221
003232
003233
003235
003247
003249
003256
003269
003277
003294
003295
003306
003307
003315
003321
003329
003330
003331
003333
003339
003349
003377
003379
003393
003421
003435
003437
003454
003455
003464
003476
003480
003481
003491
003492
003502
003526
003560
003571
003576
003586
003587
003589
003591
003608
003617
003632
003634
003644
003649
003670
003675
003688
003694
003700
003703
003709
003723
003737
003740
003759
003762
003765
003766
003770
003774
003777
003786
003787
003797
003819
003823
003838
003849
003858
003905
003921
003922
003927
003947
003954
003955
003967
003969
003971
003974
003981
003989
003995
003997
004002
004012
004021
004024
004027
004039
004049
004053
004055
004073
004093
004103
004116
004125
004136
004142
004147
004149
004165
004177
004192
004219
004229
004235
004237
004247
004252
004261
004268
004305
004308
004323
004343
004346
004361
004379
004389
004400
004410
004449
004469
004470
004482
004487
004508
004509
004512
004514
004521
004527
004532
004536
004543
004546
004562
004564
004580
004583
004588
004594
004595
004597
004602
004605
004619
004627
004634
004646
004647
004674
004679
004696
004722
004723
004724
004729
004731
004733
004757
004762
004773
004780
004786
004797
004825
004827
004836
004844
004854
004869
004897
004903
004912
004915
004924
004928
004931
004940
004949
004950
004955
004967
004973
004976
004986
004989
004996
004998
005005
005007
005017
005030
005031
005050
005059
005106
005107
005124
005131
005142
005147
005165
005218
005226
005230
005231
005258
005281
005301
005317
005324
005329
005338
005341
005380
005408
005418
005422
005429
005433
005434
005439
005524
005526
005532
005536
005540
005559
005567
005584
005601
005604
005637
005647
005665
005670
005671
005683
005686
005696
005699
005711
005724
005735
005743
005744
005746
005760
005779
005801
005804
005806
005808
005812
005813
005817
005818
005824
005825
005835
005837
005856
005888
005899
005905
005910
005924
005931
005937
005945
005954
005958
005985
005988
006006
006029
006035
006053
006071
006076
006083
006089
006121
006122
006130
006139
006151
006152
006158
006164
006190
006194
006201
006215
006222
006228
006229
006240
006258
006268
006277
006284
006292
006294
006299
006308
006337
006341
006354
006395
006400
006411
006412
006434
006451
006453
006458
006464
006471
006472
006480
006486
006502
006517
006539
006552
006573
006575
006578
006579
006583
006585
006605
006613
006645
006650
006652
006653
006656
006661
006666
006676
006685
006703
006704
006722
006749
006795
006799
006804
006807
006825
006828
006830
006832
006847
006861
006872
006873
006878
006892
006894
006903
006925
006935
006941
006951
006955
006969
006971
006980
007017
007018
007023
007036
007072
007073
007075
007080
007084
007092
007094
007110
007115
007118
007126
007129
007136
007150
007154
007159
007179
007188
007189
007199
007201
007202
007223
007231
007237
007253
007254
007265
007269
007272
007278
007288
007300
007308
007310
007318
007320
007321
007327
007333
007338
007344
007351
007362
007368
007369
007372
007375
007387
007408
007412
007427
007431
007436
007448
007477
